    10     1
    GFSG    15     4    13     0     0
    GFSG    15     4    14     0     0
    GFSG    15     4    15     0     0
    GFSG    15     4    16     0     0
    GFSG    15     4    17     0     0
    GFSG    15     4    18     0     0
    GFSG    15     4    19     0     0
    GFSG    15     4    20     0     0
    GFSG    15     4    21     0     0
    GFSG    15     4    22     0     0
    27 BACKWARD OMEGA   
    15     4    21     0   69.675 -134.159     0.5
    15     4    21     0   69.675 -134.159     0.5
    15     4    21     0   69.675 -134.159     0.5
    15     4    21     0   69.675 -134.159     0.5
    15     4    21     0   69.675 -134.159     0.5
    15     4    21     0   69.675 -134.159     0.5
    15     4    21     0   69.675 -134.159     0.5
    15     4    21     0   69.675 -134.159     0.5
    15     4    21     0   69.675 -134.159     0.5
    15     4    21     0   69.675 -134.159     0.5
    15     4    21     0   69.675 -134.159     0.5
    15     4    21     0   69.675 -134.159     0.5
    15     4    21     0   69.675 -134.159     0.5
    15     4    21     0   69.675 -134.159     0.5
    15     4    21     0   69.675 -134.159     0.5
    15     4    21     0   69.675 -134.159     0.5
    15     4    21     0   69.675 -134.159     0.5
    15     4    21     0   69.675 -134.159     0.5
    15     4    21     0   69.675 -134.159     0.5
    15     4    21     0   69.675 -134.159     0.5
    15     4    21     0   69.675 -134.159     0.5
    15     4    21     0   69.675 -134.159     0.5
    15     4    21     0   69.675 -134.159     0.5
    15     4    21     0   69.675 -134.159     0.5
    15     4    21     0   69.675 -134.159     0.5
    15     4    21     0   69.675 -134.159     0.5
    15     4    21     0   69.675 -134.159     0.5
     8 PRESSURE THETA    AIR_TEMP RAINFALL MIXDEPTH RELHUMID TERR_MSL SUN_FLUX
     1     1    15     4    21     0     0     0     0.0   69.675 -134.159    136.9    987.6    275.4    274.4      0.0    273.8     98.8     58.5    222.1
     2     1    15     4    21     0     0     0     0.0   69.675 -134.159    152.2    988.2    274.5    273.6      0.0    304.3     98.2     50.9    274.5
     3     1    15     4    21     0     0     0     0.0   69.675 -134.159    119.5    984.9    276.0    274.8      0.0    239.0     99.2     93.5    179.1
     4     1    15     4    21     0     0     0     0.0   69.675 -134.159    115.7    991.9    275.2    274.5      0.0    231.3     99.1     58.5    276.1
     5     1    15     4    21     0     0     0     0.0   69.675 -134.159    163.0    986.9    274.5    273.5      0.0    326.1     98.4     47.4    294.5
     6     1    15     4    21     0     0     0     0.0   69.675 -134.159     99.3    988.4    275.9    275.0      0.0    198.6     99.7     86.0    229.9
     7     1    15     4    21     0     0     0     0.0   69.675 -134.159    123.2    989.3    275.3    274.5      0.0    246.4     99.2     58.5    246.9
     8     1    15     4    21     0     0     0     0.0   69.675 -134.159    150.3    988.4    274.5    273.6      0.0    300.7     99.3     58.5    265.8
     9     1    15     4    21     0     0     0     0.0   69.675 -134.159    133.0    986.7    275.7    274.6      0.0    265.9     98.7     72.7    191.9
    10     1    15     4    21     0     0     0     0.0   69.675 -134.159    136.9   1003.2    274.6    274.8      0.0    273.8     98.3     58.5    222.1
    11     1    15     4    21     0     0     0     0.0   69.675 -134.159    152.2   1005.8    274.0    274.4      0.0    304.3     94.1     50.9    274.5
    12     1    15     4    21     0     0     0     0.0   69.675 -134.159    119.5    998.3    275.2    275.1      0.0    239.0     99.8     93.5    179.1
    13     1    15     4    21     0     0     0     0.0   69.675 -134.159    115.7   1005.0    274.5    274.9      0.0    231.3     98.0     58.5    276.1
    14     1    15     4    21     0     0     0     0.0   69.675 -134.159    163.0   1005.8    274.0    274.4      0.0    326.1     93.3     47.4    294.5
    15     1    15     4    21     0     0     0     0.0   69.675 -134.159     99.3    999.4    275.3    275.2      0.0    198.6     99.9     86.0    229.9
    16     1    15     4    21     0     0     0     0.0   69.675 -134.159    123.2   1003.2    274.6    274.9      0.0    246.4     98.2     58.5    246.9
    17     1    15     4    21     0     0     0     0.0   69.675 -134.159    150.3   1005.8    274.0    274.4      0.0    300.7     94.3     58.5    265.8
    18     1    15     4    21     0     0     0     0.0   69.675 -134.159    133.0   1001.8    274.9    275.1      0.0    265.9     99.5     72.7    191.9
    19     1    15     4    21     0     0     0     0.0   69.675 -134.159    136.9    957.4    277.2    273.7      0.0    273.8     98.9     58.5    222.1
    20     1    15     4    21     0     0     0     0.0   69.675 -134.159    152.2    957.9    276.7    273.3      0.0    304.3     99.1     50.9    274.5
    21     1    15     4    21     0     0     0     0.0   69.675 -134.159    119.5    954.9    277.1    273.5      0.0    239.0     99.4     93.5    179.1
    22     1    15     4    21     0     0     0     0.0   69.675 -134.159    115.7    961.7    277.2    274.2      0.0    231.3     98.5     58.5    276.1
    23     1    15     4    21     0     0     0     0.0   69.675 -134.159    163.0    956.6    276.8    273.3      0.0    326.1     98.8     47.4    294.5
    24     1    15     4    21     0     0     0     0.0   69.675 -134.159     99.3    958.3    277.5    274.1      0.0    198.6     99.0     86.0    229.9
    25     1    15     4    21     0     0     0     0.0   69.675 -134.159    123.2    959.1    276.7    273.4      0.0    246.4     99.5     58.5    246.9
    26     1    15     4    21     0     0     0     0.0   69.675 -134.159    150.3    958.1    276.6    273.2      0.0    300.7     99.4     58.5    265.8
    27     1    15     4    21     0     0     0     0.0   69.675 -134.159    133.0    956.6    276.6    273.1      0.0    265.9     99.8     72.7    191.9
     1     1    15     4    20    23     0     1    -1.0   69.489 -133.344    121.8    990.6    275.2    274.4      0.0    222.7     99.3     59.0    307.4
     2     1    15     4    20    23     0     1    -1.0   69.482 -133.016    136.9    990.8    274.5    273.8      0.0    321.7     98.2     28.8    326.0
     3     1    15     4    20    23     0     1    -1.0   69.501 -133.664    107.2    985.5    275.8    274.6      0.0    224.4     99.9    100.9    207.6
     4     1    15     4    20    23     0     1    -1.0   69.480 -133.291    142.4    986.4    275.5    274.4      0.0    273.5     99.8     58.5    294.0
     5     1    15     4    20    23     0     1    -1.0   69.475 -132.983    141.9    990.1    274.5    273.8      0.0    343.6     96.3     28.3    338.4
     6     1    15     4    20    23     0     1    -1.0   69.509 -133.613    100.0    990.7    275.6    274.8      0.0    169.3     99.9     65.7    288.8
     7     1    15     4    20    23     0     1    -1.0   69.497 -133.412    107.2    991.1    275.2    274.5      0.0    303.1     99.3     58.9    212.8
     8     1    15     4    20    23     0     1    -1.0   69.485 -133.055    140.9    989.1    274.6    273.7      0.0    318.7     98.8     58.5    290.6
     9     1    15     4    20    23     0     1    -1.0   69.474 -133.687    161.6    978.9    275.9    274.2      0.0    265.8     99.2    108.9    169.3
    10     1    15     4    20    23     0     1    -1.0   69.568 -133.559    254.6   1005.1    274.4    274.8      0.0    234.2     98.2     58.5    296.8
    11     1    15     4    20    23     0     1    -1.0   69.555 -133.289    249.6   1006.0    274.0    274.5      0.0    337.0     92.9     43.1    313.6
    12     1    15     4    20    23     0     1    -1.0   69.585 -133.800    249.8    997.6    275.0    274.9      0.0    238.1     99.9    101.0    199.7
    13     1    15     4    20    23     0     1    -1.0   69.555 -133.490    272.8   1001.5    274.7    274.8      0.0    267.9     98.1     55.0    304.0
    14     1    15     4    20    23     0     1    -1.0   69.554 -133.262    249.7   1006.7    274.0    274.5      0.0    346.9     91.9     26.7    339.6
    15     1    15     4    20    23     0     1    -1.0   69.578 -133.725    271.9    999.8    275.0    275.0      0.0    190.5     99.7     70.7    276.2
    16     1    15     4    20    23     0     1    -1.0   69.574 -133.625    258.2   1003.1    274.4    274.7      0.0    315.9     99.1     58.5    207.5
    17     1    15     4    20    23     0     1    -1.0   69.558 -133.321    249.5   1005.5    274.0    274.4      0.0    323.2     93.5     54.8    281.8
    18     1    15     4    20    23     0     1    -1.0   69.569 -133.836    269.5    998.4    275.0    274.8      0.0    291.8     99.5     95.2    173.3
    19     1    15     4    20    23     0     1    -1.0   69.410 -133.463    109.9    961.4    277.1    274.0      0.0    211.0     98.4     63.9    297.1
    20     1    15     4    20    23     0     1    -1.0   69.364 -133.219    123.6    961.1    276.5    273.4      0.0    300.2     99.2     45.5    311.0
    21     1    15     4    20    23     0     1    -1.0   69.451 -133.695    121.1    953.3    277.2    273.5      0.0    223.1     99.2    105.7    203.3
    22     1    15     4    20    23     0     1    -1.0   69.387 -133.451    117.2    959.3    277.2    273.9      0.0    239.8     98.4     58.5    301.1
    23     1    15     4    20    23     0     1    -1.0   69.350 -133.209    128.8    960.5    276.5    273.3      0.0    321.0     99.3     36.2    322.2
    24     1    15     4    20    23     0     1    -1.0   69.438 -133.692     92.3    960.2    277.2    274.0      0.0    176.7     98.4     76.4    276.9
    25     1    15     4    20    23     0     1    -1.0   69.426 -133.466    120.8    957.9    276.9    273.5      0.0    304.5     99.0     67.6    196.0
    26     1    15     4    20    23     0     1    -1.0   69.375 -133.236    121.8    960.9    276.6    273.4      0.0    300.9     98.9     58.5    274.4
    27     1    15     4    20    23     0     1    -1.0   69.442 -133.678    171.4    948.1    277.0    272.8      0.0    263.5     99.8    107.5    170.9
     1     1    15     4    20    22     0     2    -2.0   69.266 -132.567    154.3    985.7    275.4    274.2      0.0    275.7     99.4     58.6    301.8
     2     1    15     4    20    22     0     2    -2.0   69.280 -131.939    115.5    992.8    274.5    273.9      0.0    372.2     96.0     40.7    341.8
     3     1    15     4    20    22     0     2    -2.0   69.322 -133.212    106.1    988.0    275.4    274.4      0.0    208.9     99.6     88.5    275.4
     4     1    15     4    20    22     0     2    -2.0   69.248 -132.487    151.2    982.8    275.6    274.2      0.0    308.3     99.4     90.9    318.2
     5     1    15     4    20    22     0     2    -2.0   69.266 -131.889    129.1    991.8    274.4    273.8      0.0    357.3     95.1     38.3    352.5
     6     1    15     4    20    22     0     2    -2.0   69.316 -133.109    117.8    986.5    275.7    274.6      0.0    202.4     98.7     89.0    322.1
     7     1    15     4    20    22     0     2    -2.0   69.308 -132.689    107.6    991.2    275.0    274.3      0.0    247.3     99.3     63.2    297.3
     8     1    15     4    20    22     0     2    -2.0   69.280 -131.988    127.6    991.2    274.5    273.8      0.0    358.7     96.7     40.7    327.9
     9     1    15     4    20    22     0     2    -2.0   69.263 -133.297    162.2    978.5    275.6    273.9      0.0    276.1     99.8    113.0    194.8
    10     1    15     4    20    22     0     2    -2.0   69.427 -132.894    287.6   1000.0    274.5    274.5      0.0    286.5     98.6     58.5    304.6
    11     1    15     4    20    22     0     2    -2.0   69.424 -132.426    249.7   1006.9    273.9    274.5      0.0    367.4     91.6     31.5    345.9
    12     1    15     4    20    22     0     2    -2.0   69.487 -133.415    270.8    998.6    274.8    274.6      0.0    229.2     99.7     86.6    242.5
    13     1    15     4    20    22     0     2    -2.0   69.404 -132.767    284.9    999.8    274.6    274.5      0.0    328.6     98.9     64.3    306.9
    14     1    15     4    20    22     0     2    -2.0   69.420 -132.384    249.9   1006.9    273.9    274.5      0.0    383.6     91.4     31.8    352.7
    15     1    15     4    20    22     0     2    -2.0   69.451 -133.246    294.2    998.4    274.9    274.8      0.0    193.0     99.8     64.9    312.1
    16     1    15     4    20    22     0     2    -2.0   69.457 -133.059    266.2   1003.4    274.3    274.6      0.0    261.4     98.2     61.6    291.2
    17     1    15     4    20    22     0     2    -2.0   69.426 -132.473    250.3   1006.9    273.9    274.5      0.0    348.5     93.2     31.4    332.4
    18     1    15     4    20    22     0     2    -2.0   69.454 -133.488    271.8    994.5    274.9    274.4      0.0    284.3    100.0    119.1    171.3
    19     1    15     4    20    22     0     2    -2.0   69.124 -132.921    119.2    959.8    276.6    273.4      0.0    210.6     99.1     58.6    308.2
    20     1    15     4    20    22     0     2    -2.0   69.031 -132.402    117.3    960.2    276.4    273.2      0.0    349.9     99.5     56.5    302.1
    21     1    15     4    20    22     0     2    -2.0   69.204 -133.385    120.8    952.7    277.0    273.2      0.0    232.7     98.2    116.9    240.3
    22     1    15     4    20    22     0     2    -2.0   69.078 -132.890    123.5    958.2    276.8    273.4      0.0    239.7     98.9     70.5    308.7
    23     1    15     4    20    22     0     2    -2.0   69.009 -132.370     96.1    962.9    276.2    273.3      0.0    341.2     99.2     58.0    327.5
    24     1    15     4    20    22     0     2    -2.0   69.174 -133.327     59.0    962.8    276.5    273.6      0.0    195.9     98.4     94.1    325.2
    25     1    15     4    20    22     0     2    -2.0   69.155 -132.931    114.2    958.5    276.7    273.4      0.0    238.8     98.7     77.6    262.4
    26     1    15     4    20    22     0     2    -2.0   69.057 -132.431    122.8    959.8    276.5    273.3      0.0    307.0     99.0     54.9    308.7
    27     1    15     4    20    22     0     2    -2.0   69.182 -133.357    189.4    945.9    277.2    272.8      0.0    286.6     98.9    110.6    191.3
     1     1    15     4    20    21     0     3    -3.0   69.016 -131.918    180.5    975.8    275.8    273.9      0.0    301.8     99.8    120.8    328.0
     2     1    15     4    20    21     0     3    -3.0   69.077 -130.984    104.6    996.6    274.1    273.8      0.0    353.8     94.8     26.7    344.2
     3     1    15     4    20    21     0     3    -3.0   69.119 -132.835    109.0    987.1    275.1    274.1      0.0    224.9     98.7     99.3    324.1
     4     1    15     4    20    21     0     3    -3.0   68.998 -131.816    142.6    981.5    275.6    274.1      0.0    349.7     98.0    111.5    388.4
     5     1    15     4    20    21     0     3    -3.0   69.056 -130.951    119.4    994.4    274.3    273.9      0.0    444.6     91.6     29.4    357.2
     6     1    15     4    20    21     0     3    -3.0   69.047 -132.700    221.7    960.9    276.3    273.2      0.0    285.8     99.4    202.5    324.0
     7     1    15     4    20    21     0     3    -3.0   69.088 -132.030    127.9    989.8    274.9    274.1      0.0    256.0     99.7     58.6    310.7
     8     1    15     4    20    21     0     3    -3.0   69.070 -131.020    111.5    992.4    274.4    273.8      0.0    341.8     95.7     54.0    355.6
     9     1    15     4    20    21     0     3    -3.0   69.037 -133.013    162.0    974.6    275.4    273.4      0.0    323.0    100.0    148.7    209.3
    10     1    15     4    20    21     0     3    -3.0   69.260 -132.210    305.0    996.5    274.6    274.3      0.0    331.2     98.9     76.4    317.3
    11     1    15     4    20    21     0     3    -3.0   69.283 -131.609    254.3   1006.7    273.7    274.3      0.0    386.4     92.5     40.5    365.9
    12     1    15     4    20    21     0     3    -3.0   69.353 -132.990    294.6    998.8    274.6    274.5      0.0    207.9     99.9     68.4    314.5
    13     1    15     4    20    21     0     3    -3.0   69.248 -132.088    297.8    995.6    274.7    274.3      0.0    328.8     98.1     90.9    353.7
    14     1    15     4    20    21     0     3    -3.0   69.279 -131.561    263.8   1007.7    273.7    274.3      0.0    410.8     90.5     28.4    347.2
    15     1    15     4    20    21     0     3    -3.0   69.268 -132.784    350.1    983.3    275.4    274.1      0.0    264.2     99.3    137.8    322.3
    16     1    15     4    20    21     0     3    -3.0   69.300 -132.411    297.9    999.6    274.3    274.3      0.0    284.0     98.7     58.6    311.1
    17     1    15     4    20    21     0     3    -3.0   69.284 -131.663    251.1   1006.7    273.7    274.3      0.0    402.3     93.3     40.4    347.4
    18     1    15     4    20    21     0     3    -3.0   69.334 -133.132    284.8    994.5    274.6    274.2      0.0    300.2     99.7    112.0    211.3
    19     1    15     4    20    21     0     3    -3.0   68.823 -132.542    136.9    954.7    276.2    272.6      0.0    228.3     99.5     90.8    322.6
    20     1    15     4    20    21     0     3    -3.0   68.681 -131.734     95.7    958.5    276.2    272.9      0.0    327.4     99.1     99.5    343.8
    21     1    15     4    20    21     0     3    -3.0   68.929 -133.199     74.0    957.2    276.2    272.8      0.0    271.9     98.2    132.8    276.7
    22     1    15     4    20    21     0     3    -3.0   68.750 -132.467    156.4    941.0    277.0    272.2      0.0    312.2     99.1    187.8    317.6
    23     1    15     4    20    21     0     3    -3.0   68.653 -131.654     85.5    962.0    276.0    272.9      0.0    356.8     99.1     81.0    388.4
    24     1    15     4    20    21     0     3    -3.0   68.883 -133.054    146.0    942.3    277.3    272.6      0.0    251.7     95.8    187.0    323.9
    25     1    15     4    20    21     0     3    -3.0   68.875 -132.586    119.8    958.7    276.1    272.8      0.0    218.5     99.3     73.5    298.8
    26     1    15     4    20    21     0     3    -3.0   68.717 -131.819    130.8    957.6    276.1    272.7      0.0    312.7     99.6     71.8    313.9
    27     1    15     4    20    21     0     3    -3.0   68.890 -133.194    201.4    942.7    277.3    272.6      0.0    338.3     96.4    127.3    215.0
     1     1    15     4    20    20     0     2    -4.0   68.720 -131.357    206.6    964.5    276.1    273.2      0.0    389.5     99.3    181.0    275.6
     2     1    15     4    20    20     0     2    -4.0   68.872 -130.179    112.6    990.9    274.5    273.8      0.0    490.3     91.2     67.4    306.3
     3     1    15     4    20    20     0     2    -4.0   68.857 -132.543    221.2    961.5    276.0    272.9      0.0    287.2     98.7    200.8    264.2
     4     1    15     4    20    20     0     2    -4.0   68.724 -131.194    124.0    978.2    275.5    273.7      0.0    426.3     97.6    156.1    314.3
     5     1    15     4    20    20     0     2    -4.0   68.819 -130.132    148.5    982.1    274.7    273.3      0.0    529.3     91.2    102.8    318.2
     6     1    15     4    20    20     0     2    -4.0   68.738 -132.335    238.3    951.4    276.5    272.5      0.0    352.0     99.2    267.5    228.7
     7     1    15     4    20    20     0     2    -4.0   68.842 -131.468    166.8    972.1    275.8    273.6      0.0    352.6     99.4    166.2    259.9
     8     1    15     4    20    20     0     2    -4.0   68.865 -130.186    107.1    994.1    274.4    274.0      0.0    406.6     92.9     44.6    288.8
     9     1    15     4    20    20     0     2    -4.0   68.792 -132.815    169.3    972.0    275.5    273.3      0.0    310.6     99.1    164.8    224.4
    10     1    15     4    20    20     0     2    -4.0   69.074 -131.561    332.3    989.6    275.0    274.1      0.0    369.2     97.8     88.9    282.9
    11     1    15     4    20    20     0     2    -4.0   69.146 -130.856    263.8   1007.7    273.7    274.3      0.0    412.3     91.4     30.5    271.9
    12     1    15     4    20    20     0     2    -4.0   69.163 -132.591    347.8    986.2    275.2    274.1      0.0    273.2     98.2    119.5    272.5
    13     1    15     4    20    20     0     2    -4.0   69.071 -131.472    307.8    996.5    274.6    274.3      0.0    400.7     97.0     59.4    317.0
    14     1    15     4    20    20     0     2    -4.0   69.142 -130.818    277.7   1005.1    273.7    274.1      0.0    501.6     90.9     35.7    280.1
    15     1    15     4    20    20     0     2    -4.0   68.994 -132.357    398.7    963.2    276.2    273.3      0.0    371.1     99.8    256.4    252.1
    16     1    15     4    20    20     0     2    -4.0   69.120 -131.772    321.2    993.8    274.7    274.2      0.0    337.3     98.2     84.7    255.4
    17     1    15     4    20    20     0     2    -4.0   69.145 -130.903    256.9   1006.7    273.7    274.2      0.0    374.5     92.6     30.5    281.5
    18     1    15     4    20    20     0     2    -4.0   69.184 -132.794    304.0    992.3    274.7    274.1      0.0    293.0     99.6    113.5    216.5
    19     1    15     4    20    20     0     2    -4.0   68.496 -132.246    216.3    931.7    278.2    272.6      0.0    318.2     94.1    209.1    267.3
    20     1    15     4    20    20     0     2    -4.0   68.320 -131.163     77.2    954.8    276.3    272.6      0.0    398.9     99.3    138.8    296.5
    21     1    15     4    20    20     0     2    -4.0   68.637 -133.024     44.8    949.2    276.5    272.4      0.0    301.2     98.6    231.8    247.5
    22     1    15     4    20    20     0     2    -4.0   68.400 -132.092    228.9    924.7    278.8    272.6      0.0    372.9     92.8    257.3    242.8
    23     1    15     4    20    20     0     2    -4.0   68.271 -130.997     91.7    954.6    276.2    272.5      0.0    441.9     98.8    138.8    323.2
    24     1    15     4    20    20     0     2    -4.0   68.569 -132.898    245.0    918.5    281.9    275.2      0.0    327.3     74.5    295.9    224.3
    25     1    15     4    20    20     0     2    -4.0   68.579 -132.334     75.2    960.3    275.8    272.7      0.0    267.1     99.0    107.5    272.2
    26     1    15     4    20    20     0     2    -4.0   68.366 -131.330    154.8    944.8    276.7    272.2      0.0    359.6     99.2    153.3    265.6
    27     1    15     4    20    20     0     2    -4.0   68.573 -133.114    231.8    938.2    278.4    273.3      0.0    316.6     91.1    137.7    220.3
     1     1    15     4    20    19     0     1    -5.0   68.403 -130.740    140.3    966.2    275.9    273.2      0.0    402.8     99.4    238.2    212.1
     2     1    15     4    20    19     0     1    -5.0   68.573 -129.366    230.1    960.9    275.0    271.9      0.0    561.5     95.1    194.4    208.2
     3     1    15     4    20    19     0     1    -5.0   68.554 -132.233    301.7    940.5    276.9    272.1      0.0    342.8     97.6    293.6    175.7
     4     1    15     4    20    19     0     1    -5.0   68.434 -130.458    107.8    974.2    275.3    273.2      0.0    402.9     98.9    198.4    197.5
     5     1    15     4    20    19     0     1    -5.0   68.466 -129.307    250.0    952.1    274.9    271.1      0.0    600.7     97.4    246.7    188.5
     6     1    15     4    20    19     0     1    -5.0   68.440 -131.895    273.0    948.4    276.9    272.8      0.0    333.0     97.7    253.5    170.1
     7     1    15     4    20    19     0     1    -5.0   68.532 -130.920    231.1    954.7    276.3    272.7      0.0    417.7     99.5    245.3    193.1
     8     1    15     4    20    19     0     1    -5.0   68.601 -129.406    162.7    977.7    275.0    273.2      0.0    511.8     92.1    123.3    225.1
     9     1    15     4    20    19     0     1    -5.0   68.517 -132.601    196.1    957.5    276.0    272.6      0.0    329.5     99.1    257.0    194.1
    10     1    15     4    20    19     0     1    -5.0   68.856 -130.952    327.7    987.8    275.0    274.0      0.0    428.7     96.7    118.5    221.0
    11     1    15     4    20    19     0     1    -5.0   69.009 -130.166    289.7   1001.7    273.9    274.1      0.0    516.9     90.3     51.1    213.9
    12     1    15     4    20    19     0     1    -5.0   68.870 -132.214    487.0    954.7    276.2    272.5      0.0    357.7     99.2    237.4    197.2
    13     1    15     4    20    19     0     1    -5.0   68.827 -130.824    361.0    982.3    275.0    273.6      0.0    455.1     94.9    135.3    224.2
    14     1    15     4    20    19     0     1    -5.0   68.973 -130.105    308.6    997.1    274.1    273.9      0.0    568.8     88.4     68.6    224.5
    15     1    15     4    20    19     0     1    -5.0   68.687 -131.888    471.8    953.0    276.4    272.6      0.0    371.0     98.9    265.3    179.2
    16     1    15     4    20    19     0     1    -5.0   68.903 -131.150    376.0    980.1    275.3    273.7      0.0    415.6     98.0    133.6    203.4
    17     1    15     4    20    19     0     1    -5.0   69.017 -130.215    264.4   1007.5    273.7    274.3      0.0    402.2     91.4     30.5    200.7
    18     1    15     4    20    19     0     1    -5.0   69.000 -132.535    290.6    995.6    274.6    274.3      0.0    311.0     98.9     99.0    218.7
    19     1    15     4    20    19     0     1    -5.0   68.159 -132.029    217.4    923.5    280.6    274.3      0.0    359.3     81.4    277.7    178.9
    20     1    15     4    20    19     0     1    -5.0   67.961 -130.512     13.0    956.5    276.2    272.7      0.0    407.3     99.1    200.1    230.4
    21     1    15     4    20    19     0     1    -5.0   68.347 -132.811     66.5    941.4    276.9    272.2      0.0    295.6     97.4    274.6    177.3
    22     1    15     4    20    19     0     1    -5.0   68.080 -131.854    289.0    915.7    281.8    274.8      0.0    355.7     75.1    272.2    174.0
    23     1    15     4    20    19     0     1    -5.0   67.898 -130.290     40.3    953.2    276.1    272.4      0.0    401.7     99.4    195.8    180.6
    24     1    15     4    20    19     0     1    -5.0   68.280 -132.791    260.3    919.2    282.2    275.4      0.0    279.7     72.3    272.9    164.4
    25     1    15     4    20    19     0     1    -5.0   68.266 -132.084    118.4    941.0    277.6    272.8      0.0    322.8     94.3    226.4    200.6
    26     1    15     4    20    19     0     1    -5.0   67.995 -130.870    226.5    924.9    278.3    272.1      0.0    417.3     95.5    256.3    193.2
    27     1    15     4    20    19     0     1    -5.0   68.268 -133.046    273.3    933.0    279.2    273.7      0.0    306.2     88.4    139.0    177.8
     1     1    15     4    20    18     0     0    -6.0   68.142 -130.093     97.8    971.0    275.6    273.3      0.0    343.4     99.0    241.9    110.7
     2     1    15     4    20    18     0     0    -6.0   68.190 -128.553    279.0    956.6    274.7    271.2      0.0    565.6     97.1    178.9    100.7
     3     1    15     4    20    18     0     0    -6.0   68.279 -131.896    201.1    959.3    275.7    272.4      0.0    294.4     99.5    235.7    139.5
     4     1    15     4    20    18     0     0    -6.0   68.206 -129.770     96.2    977.9    275.1    273.4      0.0    400.7     96.8    186.7     89.0
     5     1    15     4    20    18     0     0    -6.0   68.105 -128.493    267.8    952.6    274.5    270.7      0.0    599.9     97.3    223.0    105.8
     6     1    15     4    20    18     0     0    -6.0   68.155 -131.436    286.4    951.5    277.4    273.5      0.0    305.5     95.1    216.7    125.6
     7     1    15     4    20    18     0     0    -6.0   68.205 -130.325    206.1    953.6    276.3    272.6      0.0    376.1     98.5    278.7    125.1
     8     1    15     4    20    18     0     0    -6.0   68.227 -128.593    320.8    944.2    275.6    271.1      0.0    540.0     99.2    241.1     93.1
     9     1    15     4    20    18     0     0    -6.0   68.248 -132.392    205.0    957.1    275.8    272.3      0.0    283.5     99.7    249.9    133.4
    10     1    15     4    20    18     0     0    -6.0   68.600 -130.270    346.3    979.2    275.0    273.3      0.0    427.8     97.2    174.6    125.6
    11     1    15     4    20    18     0     0    -6.0   68.795 -129.451    359.6    984.4    274.4    273.2      0.0    595.3     88.7    119.1    124.1
    12     1    15     4    20    18     0     0    -6.0   68.560 -131.793    456.4    953.9    276.0    272.3      0.0    359.6     99.0    272.8    135.6
    13     1    15     4    20    18     0     0    -6.0   68.543 -130.038    382.3    972.8    275.0    272.9      0.0    452.5     96.1    190.5     92.5
    14     1    15     4    20    18     0     0    -6.0   68.696 -129.372    390.6    972.5    274.2    272.0      0.0    647.5     91.5    184.2    117.1
    15     1    15     4    20    18     0     0    -6.0   68.387 -131.371    495.7    947.9    277.0    272.8      0.0    329.1     97.8    283.9    118.3
    16     1    15     4    20    18     0     0    -6.0   68.626 -130.506    373.5    971.9    275.6    273.3      0.0    444.1     98.7    207.5    133.9
    17     1    15     4    20    18     0     0    -6.0   68.864 -129.547    306.7    996.2    274.2    273.9      0.0    544.9     89.1     76.8    128.0
    18     1    15     4    20    18     0     0    -6.0   68.795 -132.321    291.5    983.7    275.1    273.8      0.0    348.0     97.9    192.4    157.2
    19     1    15     4    20    18     0     0    -6.0   67.843 -131.773    137.6    937.2    279.2    274.1      0.0    312.5     85.8    238.7    138.5
    20     1    15     4    20    18     0     0    -6.0   67.645 -129.847      0.0    959.6    276.1    272.9      0.0    346.6     99.3    216.1    102.5
    21     1    15     4    20    18     0     0    -6.0   68.100 -132.618     69.8    943.1    276.8    272.2      0.0    245.7     97.9    255.2    123.9
    22     1    15     4    20    18     0     0    -6.0   67.824 -131.743    325.8    915.6    282.9    275.9      0.0    320.0     67.2    238.1    129.4
    23     1    15     4    20    18     0     0    -6.0   67.576 -129.636     22.7    956.8    275.9    272.5      0.0    398.3     99.3    187.0     89.0
    24     1    15     4    20    18     0     0    -6.0   68.052 -132.651    187.3    933.6    280.4    275.0      0.0    233.5     79.1    219.8    136.4
    25     1    15     4    20    18     0     0    -6.0   67.937 -131.865    176.1    925.1    280.6    274.5      0.0    331.9     82.1    303.0    129.7
    26     1    15     4    20    18     0     0    -6.0   67.644 -130.492    220.4    920.2    279.2    272.7      0.0    375.2     92.4    302.0    119.1
    27     1    15     4    20    18     0     0    -6.0   68.003 -132.947    284.4    932.1    279.3    273.7      0.0    277.8     88.6    133.5    106.9
     1     1    15     4    20    17     0     1    -7.0   67.966 -129.564     54.1    984.5    275.0    273.8      0.0    327.1     98.8    179.1     74.5
     2     1    15     4    20    17     0     1    -7.0   67.847 -127.722    264.4    952.1    274.9    271.1      0.0    612.5     96.8    226.0     87.3
     3     1    15     4    20    17     0     1    -7.0   68.061 -131.508    152.8    976.0    275.5    273.6      0.0    271.5     97.7    152.5    108.3
     4     1    15     4    20    17     0     1    -7.0   67.980 -129.156    103.1    977.1    275.4    273.6      0.0    454.5     94.7    171.9     73.7
     5     1    15     4    20    17     0     1    -7.0   67.763 -127.681    192.0    959.1    274.6    271.3      0.0    646.7     94.3    230.2     90.7
     6     1    15     4    20    17     0     1    -7.0   67.896 -131.004    351.3    941.4    277.8    273.0      0.0    286.5     98.1    238.9     78.2
     7     1    15     4    20    17     0     1    -7.0   67.940 -129.746    138.4    962.6    276.2    273.2      0.0    325.7     99.2    267.3     86.0
     8     1    15     4    20    17     0     1    -7.0   67.883 -127.777    269.3    956.1    275.1    271.6      0.0    550.4     96.9    197.2     79.1
     9     1    15     4    20    17     0     1    -7.0   68.031 -132.177    194.5    960.7    275.7    272.5      0.0    245.7     99.6    214.5     94.1
    10     1    15     4    20    17     0     1    -7.0   68.370 -129.554    297.0    984.4    274.8    273.5      0.0    432.8     95.8    172.8     72.2
    11     1    15     4    20    17     0     1    -7.0   68.451 -128.676    450.1    960.9    274.4    271.3      0.0    646.9     95.5    218.7     84.6
    12     1    15     4    20    17     0     1    -7.0   68.287 -131.323    478.8    957.4    276.5    273.1      0.0    314.0     97.3    228.9    100.7
    13     1    15     4    20    17     0     1    -7.0   68.288 -129.280    337.6    978.5    275.0    273.3      0.0    489.9     93.9    178.8     70.5
    14     1    15     4    20    17     0     1    -7.0   68.350 -128.623    419.3    965.1    274.0    271.3      0.0    643.2     94.4    222.0     85.8
    15     1    15     4    20    17     0     1    -7.0   68.110 -130.894    530.5    945.5    277.5    273.0      0.0    316.1     98.8    275.5     75.1
    16     1    15     4    20    17     0     1    -7.0   68.360 -129.817    339.7    974.7    275.3    273.3      0.0    392.8     98.1    221.5     95.7
    17     1    15     4    20    17     0     1    -7.0   68.584 -128.784    442.9    964.7    274.7    271.9      0.0    619.9     94.6    181.4     90.9
    18     1    15     4    20    17     0     1    -7.0   68.544 -132.027    352.2    963.4    275.7    272.8      0.0    325.7     99.0    282.1    101.3
    19     1    15     4    20    17     0     1    -7.0   67.589 -131.451    107.8    950.4    278.5    274.5      0.0    278.6     86.7    163.0    107.2
    20     1    15     4    20    17     0     1    -7.0   67.358 -129.291      1.0    959.2    276.3    273.0      0.0    364.9     99.0    189.2     67.8
    21     1    15     4    20    17     0     1    -7.0   67.902 -132.425     33.0    950.3    276.8    272.8      0.0    237.8     96.3    219.5     97.1
    22     1    15     4    20    17     0     1    -7.0   67.626 -131.650    369.2    916.2    282.5    275.5      0.0    294.3     71.3    197.3    101.7
    23     1    15     4    20    17     0     1    -7.0   67.253 -128.994     14.2    954.4    276.3    272.6      0.0    464.8     98.1    200.8     61.8
    24     1    15     4    20    17     0     1    -7.0   67.861 -132.441      9.6    956.8    277.1    273.6      0.0    227.9     92.8    186.9    110.8
    25     1    15     4    20    17     0     1    -7.0   67.667 -131.639    112.9    940.9    278.3    273.5      0.0    263.7     90.5    215.7    101.7
    26     1    15     4    20    17     0     1    -7.0   67.347 -130.151    230.2    921.7    279.1    272.6      0.0    321.6     94.7    286.3     91.2
    27     1    15     4    20    17     0     1    -7.0   67.770 -132.869    269.7    933.7    279.7    274.3      0.0    257.4     85.3    120.6     85.9
     1     1    15     4    20    16     0     2    -8.0   67.788 -129.053     92.6    974.1    275.7    273.6      0.0    402.6     97.6    219.3     44.6
     2     1    15     4    20    16     0     2    -8.0   67.480 -126.899    268.9    943.7    275.1    270.6      0.0    645.9     98.9    291.3     64.1
     3     1    15     4    20    16     0     2    -8.0   67.853 -131.066    172.7    963.5    276.4    273.5      0.0    262.2     97.8    229.9     68.1
     4     1    15     4    20    16     0     2    -8.0   67.708 -128.486    124.3    968.3    275.9    273.4      0.0    504.8     93.3    235.0     56.3
     5     1    15     4    20    16     0     2    -8.0   67.411 -126.877    158.2    962.0    274.5    271.5      0.0    674.9     93.5    253.5     63.6
     6     1    15     4    20    16     0     2    -8.0   67.664 -130.577    370.7    943.0    277.7    273.0      0.0    293.7     99.0    206.4     52.7
     7     1    15     4    20    16     0     2    -8.0   67.764 -129.262     41.0    979.9    275.5    273.9      0.0    340.4     98.6    225.9     48.9
     8     1    15     4    20    16     0     2    -8.0   67.524 -126.956    298.0    943.2    275.6    271.0      0.0    627.2     98.3    265.4     66.3
     9     1    15     4    20    16     0     2    -8.0   67.852 -131.879    177.5    964.0    275.7    272.9      0.0    253.4     99.1    214.4     66.2
    10     1    15     4    20    16     0     2    -8.0   68.176 -128.938    288.5    984.9    274.9    273.7      0.0    470.6     95.6    178.3     50.6
    11     1    15     4    20    16     0     2    -8.0   68.103 -127.886    478.7    956.5    274.6    271.1      0.0    639.8     96.4    228.3     62.4
    12     1    15     4    20    16     0     2    -8.0   68.029 -130.843    479.1    959.7    276.9    273.6      0.0    288.6     97.2    206.1     65.9
    13     1    15     4    20    16     0     2    -8.0   68.032 -128.597    354.8    972.6    275.6    273.4      0.0    553.6     91.2    220.8     62.8
    14     1    15     4    20    16     0     2    -8.0   68.013 -127.847    388.4    970.9    274.2    271.8      0.0    668.3     91.9    192.1     64.9
    15     1    15     4    20    16     0     2    -8.0   67.852 -130.443    456.4    956.1    277.1    273.6      0.0    329.2     98.4    257.9     44.1
    16     1    15     4    20    16     0     2    -8.0   68.163 -129.206    282.2    984.8    274.9    273.7      0.0    383.7     97.2    190.6     54.3
    17     1    15     4    20    16     0     2    -8.0   68.216 -127.986    485.1    961.5    274.7    271.6      0.0    612.1     95.7    183.5     58.1
    18     1    15     4    20    16     0     2    -8.0   68.304 -131.652    351.0    969.4    275.6    273.1      0.0    293.0     98.9    241.1     67.3
    19     1    15     4    20    16     0     2    -8.0   67.372 -131.093    110.6    942.8    278.6    273.9      0.0    264.2     90.6    219.4     68.9
    20     1    15     4    20    16     0     2    -8.0   67.042 -128.708     32.3    947.5    277.1    272.9      0.0    443.2     99.2    252.7     36.4
    21     1    15     4    20    16     0     2    -8.0   67.716 -132.115      0.0    958.8    276.6    273.3      0.0    246.5     95.9    207.4     72.4
    22     1    15     4    20    16     0     2    -8.0   67.475 -131.574    421.2    912.4    283.4    276.0      0.0    277.3     69.8    175.1     71.7
    23     1    15     4    20    16     0     2    -8.0   66.918 -128.265     24.2    947.5    276.7    272.4      0.0    472.6     98.6    261.5     51.4
    24     1    15     4    20    16     0     2    -8.0   67.679 -132.066     26.9    947.9    278.3    274.1      0.0    238.2     89.8    254.9     71.7
    25     1    15     4    20    16     0     2    -8.0   67.460 -131.311      0.0    968.3    275.8    273.3      0.0    238.7     97.9    165.3     71.6
    26     1    15     4    20    16     0     2    -8.0   67.083 -129.806    279.0    916.6    278.9    272.1      0.0    317.0     98.0    277.7     50.0
    27     1    15     4    20    16     0     2    -8.0   67.561 -132.870    244.8    937.6    279.9    274.8      0.0    234.5     83.0    120.4     61.6
     1     1    15     4    20    15     0     3    -9.0   67.548 -128.455    103.6    972.0    276.0    273.7      0.0    479.7     97.8    227.7     26.2
     2     1    15     4    20    15     0     3    -9.0   67.107 -126.069    259.4    947.4    275.0    270.7      0.0    676.8     97.6    275.2     45.4
     3     1    15     4    20    15     0     3    -9.0   67.665 -130.632    147.4    968.1    276.2    273.6      0.0    238.1     98.2    216.7     32.7
     4     1    15     4    20    15     0     3    -9.0   67.397 -127.700    205.8    950.7    276.3    272.3      0.0    549.1     96.8    302.7     35.2
     5     1    15     4    20    15     0     3    -9.0   67.088 -126.082    137.9    963.5    274.4    271.5      0.0    676.3     93.9    262.6     46.6
     6     1    15     4    20    15     0     3    -9.0   67.449 -130.095    492.3    919.6    280.2    273.5      0.0    321.0     95.8    284.3     34.8
     7     1    15     4    20    15     0     3    -9.0   67.626 -128.837     85.2    975.6    275.9    274.0      0.0    365.8     98.3    216.6     30.1
     8     1    15     4    20    15     0     3    -9.0   67.127 -126.136    370.7    934.4    275.7    270.4      0.0    652.0     98.8    274.5     40.0
     9     1    15     4    20    15     0     3    -9.0   67.683 -131.453    139.9    969.3    275.9    273.4      0.0    256.0     98.2    214.3     32.3
    10     1    15     4    20    15     0     3    -9.0   67.974 -128.377    305.3    982.6    275.3    273.9      0.0    548.6     92.4    187.1     39.3
    11     1    15     4    20    15     0     3    -9.0   67.776 -127.109    364.8    970.4    274.5    272.2      0.0    665.0     92.3    226.9     40.0
    12     1    15     4    20    15     0     3    -9.0   67.793 -130.387    520.0    952.8    277.1    273.3      0.0    268.9     99.4    219.6     30.9
    13     1    15     4    20    15     0     3    -9.0   67.707 -127.829    439.0    953.9    275.9    272.2      0.0    602.8     95.1    289.7     36.9
    14     1    15     4    20    15     0     3    -9.0   67.711 -127.120    307.9    977.1    274.3    272.5      0.0    665.0     90.0    228.7     42.6
    15     1    15     4    20    15     0     3    -9.0   67.623 -129.874    475.4    947.8    277.6    273.3      0.0    349.0     99.7    305.5     31.5
    16     1    15     4    20    15     0     3    -9.0   68.007 -128.680    296.4    986.0    274.9    273.8      0.0    388.5     96.4    168.6     32.0
    17     1    15     4    20    15     0     3    -9.0   67.880 -127.193    450.8    960.5    274.9    271.8      0.0    659.1     94.2    222.6     40.0
    18     1    15     4    20    15     0     3    -9.0   68.155 -131.303    274.8    986.0    274.9    273.8      0.0    274.1     97.9    189.9     34.2
    19     1    15     4    20    15     0     3    -9.0   67.180 -130.742    132.6    936.9    278.5    273.4      0.0    240.0     95.3    246.6     33.4
    20     1    15     4    20    15     0     3    -9.0   66.723 -128.014      9.6    955.0    276.9    273.3      0.0    402.2     98.4    216.1     27.5
    21     1    15     4    20    15     0     3    -9.0   67.548 -131.718     53.6    942.8    278.5    273.8      0.0    245.7     90.6    275.5     32.4
    22     1    15     4    20    15     0     3    -9.0   67.360 -131.602    499.6    897.8    285.3    276.6      0.0    263.1     65.2    224.0     37.8
    23     1    15     4    20    15     0     3    -9.0   66.577 -127.470     23.9    940.5    277.0    272.1      0.0    493.4     99.5    324.3     33.2
    24     1    15     4    20    15     0     3    -9.0   67.538 -131.816    186.0    920.0    282.7    276.1      0.0    221.8     75.3    339.7     32.6
    25     1    15     4    20    15     0     3    -9.0   67.265 -130.885     34.6    949.4    277.7    273.6      0.0    251.0     93.7    238.7     36.2
    26     1    15     4    20    15     0     3    -9.0   66.824 -129.399    178.9    930.9    278.4    272.7      0.0    327.1     99.6    251.8     27.9
    27     1    15     4    20    15     0     3    -9.0   67.381 -132.931    214.6    942.3    279.8    275.1      0.0    188.7     82.3    118.2     39.2
     1     1    15     4    20    14     0     2   -10.0   67.300 -127.769    117.7    966.7    276.0    273.4      0.0    475.4     95.8    261.0     19.2
     2     1    15     4    20    14     0     2   -10.0   66.757 -125.234    225.3    949.7    275.0    271.0      0.0    663.8     97.5    293.5     29.4
     3     1    15     4    20    14     0     2   -10.0   67.549 -130.284     19.4    990.4    274.8    274.0      0.0    258.0     96.9    160.3     21.1
     4     1    15     4    20    14     0     2   -10.0   67.087 -126.882    152.1    957.6    275.8    272.4      0.0    540.2     95.4    307.4     23.5
     5     1    15     4    20    14     0     2   -10.0   66.792 -125.290    127.1    964.1    274.3    271.4      0.0    661.2     94.9    262.3     29.8
     6     1    15     4    20    14     0     2   -10.0   67.251 -129.675    473.2    928.8    280.1    274.3      0.0    291.2     92.5    226.1     32.0
     7     1    15     4    20    14     0     2   -10.0   67.390 -128.259    157.7    960.4    276.3    273.2      0.0    454.4     99.3    267.4     16.6
     8     1    15     4    20    14     0     2   -10.0   66.729 -125.313    429.5    924.0    276.3    270.2      0.0    636.4     98.6    312.6     29.1
     9     1    15     4    20    14     0     2   -10.0   67.526 -130.972    252.9    942.0    277.6    272.9      0.0    229.9     95.8    337.5     21.6
    10     1    15     4    20    14     0     2   -10.0   67.700 -127.693    352.4    967.7    275.8    273.2      0.0    563.1     92.3    253.8     23.5
    11     1    15     4    20    14     0     2   -10.0   67.458 -126.354    311.6    974.5    274.5    272.5      0.0    662.3     90.8    241.2     26.8
    12     1    15     4    20    14     0     2   -10.0   67.576 -129.870    596.2    944.2    277.7    273.2      0.0    304.5     98.9    208.4     20.7
    13     1    15     4    20    14     0     2   -10.0   67.362 -127.004    465.0    952.0    275.6    271.8      0.0    574.4     96.7    288.4     25.2
    14     1    15     4    20    14     0     2   -10.0   67.455 -126.478    271.9    983.2    274.0    272.7      0.0    692.2     90.2    223.6     27.1
    15     1    15     4    20    14     0     2   -10.0   67.387 -129.216    452.0    957.9    276.9    273.5      0.0    336.5     98.5    243.5     23.8
    16     1    15     4    20    14     0     2   -10.0   67.802 -128.117    328.9    977.7    275.4    273.7      0.0    514.0     94.4    210.6     21.7
    17     1    15     4    20    14     0     2   -10.0   67.534 -126.398    421.2    956.4    275.0    271.5      0.0    644.3     96.0    289.7     26.7
    18     1    15     4    20    14     0     2   -10.0   68.046 -130.968    308.7    986.4    275.1    274.0      0.0    278.2     94.7    158.8     26.2
    19     1    15     4    20    14     0     2   -10.0   66.999 -130.314      0.0    969.2    276.0    273.6      0.0    247.5     98.6    149.4     21.3
    20     1    15     4    20    14     0     2   -10.0   66.406 -127.227      0.0    947.4    276.9    272.7      0.0    463.9     99.1    291.7     19.7
    21     1    15     4    20    14     0     2   -10.0   67.433 -131.590    222.4    921.0    283.9    277.3      0.0    214.8     68.1    303.3     22.2
    22     1    15     4    20    14     0     2   -10.0   67.261 -131.780    573.6    886.6    286.4    276.7      0.0    257.3     61.5    256.3     24.1
    23     1    15     4    20    14     0     2   -10.0   66.277 -126.620      0.0    948.2    276.2    272.0      0.0    538.6     98.6    290.4     23.6
    24     1    15     4    20    14     0     2   -10.0   67.449 -131.925    329.3    905.6    286.3    278.3      0.0    215.5     58.7    333.1     21.9
    25     1    15     4    20    14     0     2   -10.0   67.098 -130.526    133.7    924.5    279.6    273.4      0.0    242.0     91.2    355.6     22.4
    26     1    15     4    20    14     0     2   -10.0   66.577 -128.896    205.0    920.5    279.3    272.8      0.0    343.8     99.2    317.1     21.2
    27     1    15     4    20    14     0     2   -10.0   67.221 -133.040    164.5    946.5    279.5    275.2      0.0    111.7     82.7    140.7     26.5
     1     1    15     4    20    13     0     1   -11.0   67.030 -126.989    114.9    959.7    275.9    272.6      0.0    537.0     98.6    312.0     10.8
     2     1    15     4    20    13     0     1   -11.0   66.444 -124.425    205.1    952.1    274.7    270.8      0.0    646.6     98.4    285.5     13.1
     3     1    15     4    20    13     0     1   -11.0   67.430 -129.847    195.8    963.5    276.2    273.2      0.0    280.4     98.9    204.0     11.4
     4     1    15     4    20    13     0     1   -11.0   66.777 -126.024    263.9    941.1    276.1    271.4      0.0    605.7     98.9    328.3     11.0
     5     1    15     4    20    13     0     1   -11.0   66.518 -124.519    159.0    955.7    274.3    270.8      0.0    624.7     96.5    307.6     15.9
     6     1    15     4    20    13     0     1   -11.0   67.072 -129.345    495.9    934.8    280.1    274.7      0.0    261.3     92.1    150.9     19.7
     7     1    15     4    20    13     0     1   -11.0   67.144 -127.596    103.9    972.5    275.7    273.5      0.0    451.5     97.1    228.2      8.6
     8     1    15     4    20    13     0     1   -11.0   66.325 -124.495    468.0    920.8    276.5    270.0      0.0    627.7     98.6    290.0     11.5
     9     1    15     4    20    13     0     1   -11.0   67.401 -130.690    422.0    921.7    281.6    275.1      0.0    218.3     82.7    338.0     11.2
    10     1    15     4    20    13     0     1   -11.0   67.378 -126.882    406.5    956.0    275.8    272.2      0.0    537.0     96.0    306.1     12.7
    11     1    15     4    20    13     0     1   -11.0   67.195 -125.649    301.1    973.5    274.4    272.3      0.0    639.0     91.7    267.9     15.0
    12     1    15     4    20    13     0     1   -11.0   67.372 -129.365    670.0    927.5    279.2    273.3      0.0    298.2     97.5    286.0     13.4
    13     1    15     4    20    13     0     1   -11.0   67.013 -126.146    561.6    934.5    276.2    270.9      0.0    639.7     98.8    333.6     13.4
    14     1    15     4    20    13     0     1   -11.0   67.208 -125.781    316.9    972.0    274.0    271.8      0.0    625.2     92.5    264.5     14.9
    15     1    15     4    20    13     0     1   -11.0   67.195 -128.517    345.9    981.3    275.6    274.1      0.0    363.3     96.0    156.3     16.1
    16     1    15     4    20    13     0     1   -11.0   67.541 -127.454    339.8    971.3    275.7    273.4      0.0    524.5     93.1    247.3     10.9
    17     1    15     4    20    13     0     1   -11.0   67.191 -125.589    384.7    962.8    275.0    272.0      0.0    627.9     93.9    272.7     14.7
    18     1    15     4    20    13     0     1   -11.0   67.890 -130.535    346.1    974.9    275.4    273.4      0.0    301.4     97.8    205.9     12.7
    19     1    15     4    20    13     0     1   -11.0   66.824 -129.811    174.9    936.8    278.8    273.6      0.0    261.3     96.5    204.2     12.7
    20     1    15     4    20    13     0     1   -11.0   66.120 -126.369      0.0    956.9    276.2    272.8      0.0    515.7     98.7    250.9     10.8
    21     1    15     4    20    13     0     1   -11.0   67.343 -131.763    288.1    918.8    285.1    278.3      0.0    194.0     62.1    252.9     11.9
    22     1    15     4    20    13     0     1   -11.0   67.153 -132.123    580.2    884.5    287.1    277.2      0.0    234.8     57.7    269.9     11.3
    23     1    15     4    20    13     0     1   -11.0   65.966 -125.720     78.4    936.2    276.5    271.3      0.0    535.6     99.1    308.6      7.8
    24     1    15     4    20    13     0     1   -11.0   67.368 -132.250    371.3    908.6    286.4    278.6      0.0    199.5     57.0    260.8     11.7
    25     1    15     4    20    13     0     1   -11.0   66.960 -130.253    151.9    932.4    279.1    273.6      0.0    232.4     93.4    269.2     10.9
    26     1    15     4    20    13     0     1   -11.0   66.350 -128.429    239.9    924.0    279.6    273.3      0.0    318.2     96.1    248.4     13.6
    27     1    15     4    20    13     0     1   -11.0   67.070 -133.204    123.3    946.2    279.7    275.3      0.0     46.6     82.2    180.8     13.2
     1     1    15     4    20    12     0     0   -12.0   66.808 -126.290      5.3    976.4    275.3    273.4      0.0    554.8     95.3    284.9      0.0
     2     1    15     4    20    12     0     0   -12.0   66.170 -123.528    149.0    960.0    273.8    270.7      0.0    486.3     96.4    277.5      0.0
     3     1    15     4    20    12     0     0   -12.0   67.246 -129.275    219.4    957.7    276.7    273.3      0.0    262.2     97.5    230.6      0.0
     4     1    15     4    20    12     0     0   -12.0   66.460 -125.155    293.4    940.2    275.9    271.0      0.0    529.9     99.4    301.0      0.0
     5     1    15     4    20    12     0     0   -12.0   66.270 -123.665     82.6    970.2    273.0    270.7      0.0    460.8     95.4    260.6      0.0
     6     1    15     4    20    12     0     0   -12.0   66.907 -129.091    440.3    941.6    279.7    275.0      0.0    229.1     92.2    147.2      0.0
     7     1    15     4    20    12     0     0   -12.0   66.891 -126.833    124.8    962.7    276.0    273.0      0.0    515.1     98.5    283.9      0.0
     8     1    15     4    20    12     0     0   -12.0   65.952 -123.717    467.1    921.9    277.0    270.7      0.0    492.7     97.9    282.7      0.0
     9     1    15     4    20    12     0     0   -12.0   67.316 -130.685    530.7    913.5    285.2    277.9      0.0    209.4     66.1    298.5      0.0
    10     1    15     4    20    12     0     0   -12.0   67.073 -126.067    395.7    956.4    275.7    272.2      0.0    571.2     95.6    311.1      0.0
    11     1    15     4    20    12     0     0   -12.0   66.956 -124.897    286.8    974.9    274.2    272.2      0.0    563.4     92.7    266.1      0.0
    12     1    15     4    20    12     0     0   -12.0   67.182 -128.966    690.0    936.6    279.0    273.8      0.0    266.6     96.2    187.8      0.0
    13     1    15     4    20    12     0     0   -12.0   66.654 -125.292    589.3    934.5    276.0    270.7      0.0    579.5     99.2    300.7      0.0
    14     1    15     4    20    12     0     0   -12.0   66.983 -125.057    298.3    978.9    273.6    272.0      0.0    622.4     92.5    222.5      0.0
    15     1    15     4    20    12     0     0   -12.0   67.015 -127.751    408.3    968.4    276.4    273.9      0.0    413.1     97.7    201.8      0.0
    16     1    15     4    20    12     0     0   -12.0   67.240 -126.666    386.9    958.0    275.8    272.4      0.0    537.8     97.1    306.8      0.0
    17     1    15     4    20    12     0     0   -12.0   66.895 -124.756    351.2    964.8    274.9    272.0      0.0    583.0     93.3    285.6      0.0
    18     1    15     4    20    12     0     0   -12.0   67.726 -130.065    316.3    978.9    274.9    273.2      0.0    292.4     97.7    206.2      0.0
    19     1    15     4    20    12     0     0   -12.0   66.681 -129.470    196.7    932.7    279.4    273.9      0.0    233.2     96.2    217.8      0.0
    20     1    15     4    20    12     0     0   -12.0   65.835 -125.482     24.4    940.7    277.1    272.2      0.0    504.9     99.4    321.3      0.0
    21     1    15     4    20    12     0     0   -12.0   67.234 -132.013    264.5    925.9    284.6    278.4      0.0    150.1     64.2    210.5      0.0
    22     1    15     4    20    12     0     0   -12.0   67.008 -132.610    502.8    896.7    287.3    278.5      0.0    177.6     54.4    231.1      0.0
    23     1    15     4    20    12     0     0   -12.0   65.653 -124.948    122.6    940.6    276.5    271.7      0.0    410.9     99.3    222.2      0.0
    24     1    15     4    20    12     0     0   -12.0   67.252 -132.602    314.5    920.9    285.4    278.8      0.0    146.7     60.5    204.2      0.0
    25     1    15     4    20    12     0     0   -12.0   66.816 -129.833      0.0    971.1    275.5    273.2      0.0    224.4     99.5    145.5      0.0
    26     1    15     4    20    12     0     0   -12.0   66.139 -128.049    182.8    939.2    278.6    273.6      0.0    289.4     98.4    175.9      0.0
    27     1    15     4    20    12     0     0   -12.0   66.905 -133.478    120.4    937.4    281.2    276.0      0.0     25.0     76.7    256.4      0.0
