    10     1
    GFSG    15     4    13     0     0
    GFSG    15     4    14     0     0
    GFSG    15     4    15     0     0
    GFSG    15     4    16     0     0
    GFSG    15     4    17     0     0
    GFSG    15     4    18     0     0
    GFSG    15     4    19     0     0
    GFSG    15     4    20     0     0
    GFSG    15     4    21     0     0
    GFSG    15     4    22     0     0
    27 BACKWARD OMEGA   
    15     4    21     1   69.321 -134.171     0.5
    15     4    21     1   69.321 -134.171     0.5
    15     4    21     1   69.321 -134.171     0.5
    15     4    21     1   69.321 -134.171     0.5
    15     4    21     1   69.321 -134.171     0.5
    15     4    21     1   69.321 -134.171     0.5
    15     4    21     1   69.321 -134.171     0.5
    15     4    21     1   69.321 -134.171     0.5
    15     4    21     1   69.321 -134.171     0.5
    15     4    21     1   69.321 -134.171     0.5
    15     4    21     1   69.321 -134.171     0.5
    15     4    21     1   69.321 -134.171     0.5
    15     4    21     1   69.321 -134.171     0.5
    15     4    21     1   69.321 -134.171     0.5
    15     4    21     1   69.321 -134.171     0.5
    15     4    21     1   69.321 -134.171     0.5
    15     4    21     1   69.321 -134.171     0.5
    15     4    21     1   69.321 -134.171     0.5
    15     4    21     1   69.321 -134.171     0.5
    15     4    21     1   69.321 -134.171     0.5
    15     4    21     1   69.321 -134.171     0.5
    15     4    21     1   69.321 -134.171     0.5
    15     4    21     1   69.321 -134.171     0.5
    15     4    21     1   69.321 -134.171     0.5
    15     4    21     1   69.321 -134.171     0.5
    15     4    21     1   69.321 -134.171     0.5
    15     4    21     1   69.321 -134.171     0.5
     8 PRESSURE THETA    AIR_TEMP RAINFALL MIXDEPTH RELHUMID TERR_MSL SUN_FLUX
     1     1    15     4    21     1     0     1     0.0   69.321 -134.171    127.3    985.5    275.9    274.8      0.0    254.6     99.1     94.5    155.0
     2     1    15     4    21     1     0     1     0.0   69.321 -134.171    128.9    989.6    275.1    274.3      0.0    257.7     99.2     58.6    207.9
     3     1    15     4    21     1     0     1     0.0   69.321 -134.171    103.3    986.9    275.9    274.9      0.0    206.7     99.5    102.6    137.7
     4     1    15     4    21     1     0     1     0.0   69.321 -134.171    100.8    990.6    275.6    274.9      0.0    201.7     99.6     81.2    210.1
     5     1    15     4    21     1     0     1     0.0   69.321 -134.171    124.8    991.3    275.0    274.3      0.0    249.7     99.5     51.1    239.1
     6     1    15     4    21     1     0     1     0.0   69.321 -134.171     86.4    986.2    276.1    275.0      0.0    172.9     99.7    130.0    166.7
     7     1    15     4    21     1     0     1     0.0   69.321 -134.171    123.2    987.7    275.8    274.8      0.0    246.4     98.9     79.2    169.5
     8     1    15     4    21     1     0     1     0.0   69.321 -134.171    118.3    990.3    275.2    274.4      0.0    236.6     99.5     58.6    218.7
     9     1    15     4    21     1     0     1     0.0   69.321 -134.171    131.7    987.1    275.6    274.6      0.0    263.3     99.1     71.7    138.7
    10     1    15     4    21     1     0     1     0.0   69.321 -134.171    127.3   1000.0    274.9    274.9      0.0    254.6     99.9     94.5    155.0
    11     1    15     4    21     1     0     1     0.0   69.321 -134.171    128.9   1004.3    274.3    274.7      0.0    257.7     97.8     58.6    207.9
    12     1    15     4    21     1     0     1     0.0   69.321 -134.171    103.3    998.4    275.1    275.0      0.0    206.7     99.8    102.6    137.7
    13     1    15     4    21     1     0     1     0.0   69.321 -134.171    100.8   1001.8    274.9    275.0      0.0    201.7     99.9     81.2    210.1
    14     1    15     4    21     1     0     1     0.0   69.321 -134.171    124.8   1005.5    274.3    274.7      0.0    249.7     97.1     51.1    239.1
    15     1    15     4    21     1     0     1     0.0   69.321 -134.171     86.4    995.6    275.5    275.1      0.0    172.9     99.8    130.0    166.7
    16     1    15     4    21     1     0     1     0.0   69.321 -134.171    123.2   1001.7    274.8    274.9      0.0    246.4     99.7     79.2    169.5
    17     1    15     4    21     1     0     1     0.0   69.321 -134.171    118.3   1003.7    274.4    274.7      0.0    236.6     97.7     58.6    218.7
    18     1    15     4    21     1     0     1     0.0   69.321 -134.171    131.7   1002.1    274.7    274.9      0.0    263.3     99.6     71.7    138.7
    19     1    15     4    21     1     0     1     0.0   69.321 -134.171    127.3    955.5    277.2    273.6      0.0    254.6     99.3     94.5    155.0
    20     1    15     4    21     1     0     1     0.0   69.321 -134.171    128.9    959.4    277.1    273.8      0.0    257.7     99.2     58.6    207.9
    21     1    15     4    21     1     0     1     0.0   69.321 -134.171    103.3    956.9    277.0    273.5      0.0    206.7     99.6    102.6    137.7
    22     1    15     4    21     1     0     1     0.0   69.321 -134.171    100.8    960.4    277.4    274.2      0.0    201.7     98.8     81.2    210.1
    23     1    15     4    21     1     0     1     0.0   69.321 -134.171    124.8    961.0    277.2    274.1      0.0    249.7     98.8     51.1    239.1
    24     1    15     4    21     1     0     1     0.0   69.321 -134.171     86.4    956.2    277.5    274.0      0.0    172.9     99.2    130.0    166.7
    25     1    15     4    21     1     0     1     0.0   69.321 -134.171    123.2    957.6    276.7    273.3      0.0    246.4     99.6     79.2    169.5
    26     1    15     4    21     1     0     1     0.0   69.321 -134.171    118.3    960.1    276.8    273.6      0.0    236.6     99.4     58.6    218.7
    27     1    15     4    21     1     0     1     0.0   69.321 -134.171    131.7    957.0    276.5    273.0      0.0    263.3     99.5     71.7    138.7
     1     1    15     4    21     0     0     0    -1.0   69.143 -133.611    110.4    986.9    276.0    274.9      0.0    193.9     99.7    100.2    232.8
     2     1    15     4    21     0     0     0    -1.0   69.142 -133.288    115.9    991.5    275.3    274.6      0.0    218.9     99.3     56.9    304.2
     3     1    15     4    21     0     0     0    -1.0   69.153 -133.844     96.2    986.6    276.2    275.1      0.0    158.9     99.8    116.9    189.6
     4     1    15     4    21     0     0     0    -1.0   69.149 -133.554    107.2    989.7    275.9    275.1      0.0    162.3     99.9     80.7    296.1
     5     1    15     4    21     0     0     0    -1.0   69.130 -133.226    134.5    987.5    275.5    274.6      0.0    261.1     99.4     70.9    293.6
     6     1    15     4    21     0     0     0    -1.0   69.168 -133.804     81.7    986.4    276.4    275.3      0.0    131.2     99.5    133.4    257.3
     7     1    15     4    21     0     0     0    -1.0   69.130 -133.644    138.3    981.9    276.1    274.7      0.0    231.3     99.1    113.2    176.1
     8     1    15     4    21     0     0     0    -1.0   69.151 -133.358    100.0    992.7    275.2    274.6      0.0    258.7     99.2     63.1    239.7
     9     1    15     4    21     0     0     0    -1.0   69.112 -133.830    109.6    991.0    275.5    274.8      0.0    196.1     99.6     67.8    184.5
    10     1    15     4    21     0     0     0    -1.0   69.231 -133.770    249.0    999.4    275.2    275.1      0.0    212.1     99.9     99.2    218.4
    11     1    15     4    21     0     0     0    -1.0   69.215 -133.504    251.5   1005.8    274.5    274.9      0.0    218.4     97.5     47.3    301.1
    12     1    15     4    21     0     0     0    -1.0   69.233 -133.931    251.7    997.5    275.5    275.3      0.0    173.2     99.9    114.4    181.9
    13     1    15     4    21     0     0     0    -1.0   69.220 -133.687    267.9   1000.6    275.2    275.2      0.0    176.1     99.6     80.8    286.3
    14     1    15     4    21     0     0     0    -1.0   69.208 -133.456    257.3   1003.5    274.8    275.0      0.0    256.5     96.7     65.9    305.0
    15     1    15     4    21     0     0     0    -1.0   69.237 -133.897    264.5    994.2    275.9    275.4      0.0    141.7     99.5    135.5    237.2
    16     1    15     4    21     0     0     0    -1.0   69.223 -133.819    263.5    999.7    275.1    275.1      0.0    251.3     99.6     92.2    185.6
    17     1    15     4    21     0     0     0    -1.0   69.222 -133.564    249.3   1003.6    274.5    274.8      0.0    274.5     97.9     65.0    225.6
    18     1    15     4    21     0     0     0    -1.0   69.211 -133.938    249.3   1003.4    274.8    275.1      0.0    216.4     99.7     66.5    181.3
    19     1    15     4    21     0     0     0    -1.0   69.094 -133.639    114.5    955.4    277.6    274.0      0.0    195.7     99.3    108.4    221.6
    20     1    15     4    21     0     0     0    -1.0   69.045 -133.414     98.3    964.0    277.4    274.5      0.0    184.4     98.1     52.2    307.8
    21     1    15     4    21     0     0     0    -1.0   69.117 -133.820    111.9    954.6    277.6    273.9      0.0    152.9     99.0    118.4    191.6
    22     1    15     4    21     0     0     0    -1.0   69.071 -133.635     91.2    960.9    277.7    274.5      0.0    157.0     98.2     85.5    285.0
    23     1    15     4    21     0     0     0    -1.0   69.023 -133.408    119.1    958.5    277.8    274.4      0.0    235.8     97.9     77.8    293.0
    24     1    15     4    21     0     0     0    -1.0   69.110 -133.812     66.6    957.4    277.9    274.4      0.0    124.3     98.4    140.5    255.6
    25     1    15     4    21     0     0     0    -1.0   69.099 -133.625    149.4    950.1    277.3    273.3      0.0    225.3     99.5    118.0    173.9
    26     1    15     4    21     0     0     0    -1.0   69.064 -133.421     97.6    961.8    277.1    274.1      0.0    269.8     98.8     70.6    218.4
    27     1    15     4    21     0     0     0    -1.0   69.094 -133.796    122.5    959.1    276.7    273.4      0.0    191.5     99.7     68.8    184.8
     1     1    15     4    20    23     0     1    -2.0   68.969 -133.074    111.1    989.4    275.7    274.8      0.0    163.0     99.8     65.6    295.9
     2     1    15     4    20    23     0     1    -2.0   68.937 -132.406    142.4    986.2    275.5    274.4      0.0    292.3     99.7     60.1    290.6
     3     1    15     4    20    23     0     1    -2.0   68.996 -133.555     95.6    981.4    276.1    274.7      0.0    181.9     99.7    147.8    206.1
     4     1    15     4    20    23     0     1    -2.0   68.958 -132.959    117.9    987.9    276.1    275.1      0.0    189.1     99.2     72.2    310.6
     5     1    15     4    20    23     0     1    -2.0   68.920 -132.308    120.6    989.0    275.4    274.5      0.0    290.0     99.3     68.8    323.0
     6     1    15     4    20    23     0     1    -2.0   69.009 -133.442     65.3    991.0    275.9    275.2      0.0    166.3     99.6     97.5    333.0
     7     1    15     4    20    23     0     1    -2.0   68.947 -133.170    128.6    982.5    275.9    274.5      0.0    221.6     99.9    104.8    206.1
     8     1    15     4    20    23     0     1    -2.0   68.974 -132.547    111.5    990.4    275.3    274.5      0.0    250.0     99.4     58.7    302.2
     9     1    15     4    20    23     0     1    -2.0   68.935 -133.564     78.7    993.5    275.3    274.7      0.0    235.9     99.9     82.9    192.7
    10     1    15     4    20    23     0     1    -2.0   69.133 -133.326    269.1   1000.0    275.0    275.0      0.0    203.1     99.6     73.9    268.8
    11     1    15     4    20    23     0     1    -2.0   69.092 -132.797    273.0   1001.7    274.6    274.8      0.0    287.5     97.9     52.7    301.1
    12     1    15     4    20    23     0     1    -2.0   69.146 -133.690    268.4    994.3    275.4    275.0      0.0    206.7     99.6    122.4    201.2
    13     1    15     4    20    23     0     1    -2.0   69.098 -133.142    291.0    998.8    275.1    275.0      0.0    198.6     99.6     58.6    303.0
    14     1    15     4    20    23     0     1    -2.0   69.087 -132.731    259.4   1003.4    274.5    274.8      0.0    320.5     98.0     53.0    305.9
    15     1    15     4    20    23     0     1    -2.0   69.133 -133.584    273.1    996.9    275.4    275.2      0.0    165.3     99.8     91.5    305.6
    16     1    15     4    20    23     0     1    -2.0   69.124 -133.443    263.2    996.6    275.1    274.8      0.0    254.7     99.9    103.9    182.4
    17     1    15     4    20    23     0     1    -2.0   69.111 -132.922    257.1   1005.1    274.4    274.8      0.0    239.2     97.6     57.4    307.8
    18     1    15     4    20    23     0     1    -2.0   69.107 -133.714    249.2   1001.9    274.7    274.9      0.0    256.3     99.9     83.7    188.9
    19     1    15     4    20    23     0     1    -2.0   68.863 -133.206    106.0    957.6    277.3    273.9      0.0    176.6     98.2     84.2    275.5
    20     1    15     4    20    23     0     1    -2.0   68.758 -132.761    108.8    960.3    277.2    274.0      0.0    226.2     98.4     58.6    299.3
    21     1    15     4    20    23     0     1    -2.0   68.909 -133.549    106.4    950.6    277.8    273.8      0.0    185.3     96.1    148.1    215.8
    22     1    15     4    20    23     0     1    -2.0   68.811 -133.161     88.7    959.4    277.4    274.1      0.0    176.3     97.3     87.2    321.9
    23     1    15     4    20    23     0     1    -2.0   68.714 -132.750    121.5    957.4    277.3    273.9      0.0    252.4     98.5     76.9    303.4
    24     1    15     4    20    23     0     1    -2.0   68.884 -133.446      0.0    964.6    277.1    274.3      0.0    181.4     97.3    141.8    322.3
    25     1    15     4    20    23     0     1    -2.0   68.877 -133.192    153.9    949.1    277.4    273.3      0.0    219.1     99.1    109.5    203.1
    26     1    15     4    20    23     0     1    -2.0   68.798 -132.767     79.8    963.7    277.0    274.1      0.0    213.8     98.3     65.4    289.7
    27     1    15     4    20    23     0     1    -2.0   68.869 -133.518    113.2    958.9    276.9    273.6      0.0    225.8     98.3     81.3    196.0
     1     1    15     4    20    22     0     2    -3.0   68.763 -132.582    137.3    982.9    275.9    274.6      0.0    204.1     98.2     99.3    326.4
     2     1    15     4    20    22     0     2    -3.0   68.708 -131.605    136.7    984.5    275.6    274.3      0.0    294.7     98.6     96.0    344.1
     3     1    15     4    20    22     0     2    -3.0   68.816 -133.285    112.5    978.9    275.9    274.2      0.0    237.5     99.2    158.0    266.0
     4     1    15     4    20    22     0     2    -3.0   68.711 -132.422    171.2    967.9    276.6    274.1      0.0    284.5     99.2    197.8    315.3
     5     1    15     4    20    22     0     2    -3.0   68.705 -131.516    106.8    991.5    275.2    274.5      0.0    323.5     97.3     65.5    376.2
     6     1    15     4    20    22     0     2    -3.0   68.802 -133.090    137.4    969.8    276.5    274.1      0.0    238.0     97.6    210.0    315.5
     7     1    15     4    20    22     0     2    -3.0   68.753 -132.747    124.4    984.6    275.6    274.3      0.0    215.2     99.4     98.1    268.6
     8     1    15     4    20    22     0     2    -3.0   68.757 -131.760    134.1    986.7    275.4    274.3      0.0    294.1     99.6     73.6    308.9
     9     1    15     4    20    22     0     2    -3.0   68.763 -133.323     83.2    989.6    275.1    274.3      0.0    268.8     99.7    103.6    218.2
    10     1    15     4    20    22     0     2    -3.0   69.007 -132.831    292.8    999.4    274.8    274.8      0.0    188.2     99.9     58.6    309.2
    11     1    15     4    20    22     0     2    -3.0   68.950 -132.074    271.4   1001.5    274.5    274.6      0.0    345.2     98.8     64.0    315.8
    12     1    15     4    20    22     0     2    -3.0   69.036 -133.445    288.3    989.3    275.4    274.5      0.0    243.7     99.6    143.6    222.1
    13     1    15     4    20    22     0     2    -3.0   68.948 -132.604    322.5    988.9    275.6    274.7      0.0    252.6     99.6    122.1    314.2
    14     1    15     4    20    22     0     2    -3.0   68.960 -132.035    260.7   1004.0    274.3    274.6      0.0    297.0     97.5     63.7    345.4
    15     1    15     4    20    22     0     2    -3.0   68.992 -133.276    299.3    990.6    275.5    274.8      0.0    203.0     99.3    122.4    335.2
    16     1    15     4    20    22     0     2    -3.0   69.020 -133.046    274.0    997.6    274.8    274.6      0.0    244.2     99.6     92.1    226.8
    17     1    15     4    20    22     0     2    -3.0   68.967 -132.222    287.6   1000.0    274.5    274.5      0.0    314.1     98.8     58.5    299.9
    18     1    15     4    20    22     0     2    -3.0   69.006 -133.500    258.9   1000.8    274.7    274.8      0.0    314.0    100.0     91.0    189.1
    19     1    15     4    20    22     0     2    -3.0   68.603 -132.866     55.6    962.8    276.5    273.5      0.0    196.7     98.4     97.8    327.2
    20     1    15     4    20    22     0     2    -3.0   68.450 -132.242    118.7    955.3    277.0    273.4      0.0    236.9     98.6    103.1    313.9
    21     1    15     4    20    22     0     2    -3.0   68.660 -133.337    118.1    946.6    278.3    274.0      0.0    247.1     90.3    176.9    267.3
    22     1    15     4    20    22     0     2    -3.0   68.521 -132.766    196.5    935.2    278.3    273.0      0.0    247.0     95.1    195.9    331.0
    23     1    15     4    20    22     0     2    -3.0   68.383 -132.218    150.7    946.1    277.4    273.1      0.0    286.6     98.7    153.1    330.6
    24     1    15     4    20    22     0     2    -3.0   68.632 -133.085     60.9    942.8    277.5    272.9      0.0    266.1     98.0    267.8    290.0
    25     1    15     4    20    22     0     2    -3.0   68.631 -132.911    149.7    948.0    277.2    273.0      0.0    237.6     97.7    128.1    232.7
    26     1    15     4    20    22     0     2    -3.0   68.514 -132.261     85.0    963.9    276.5    273.7      0.0    194.5     98.5     58.6    309.1
    27     1    15     4    20    22     0     2    -3.0   68.609 -133.318    113.7    956.3    277.3    273.7      0.0    253.9     93.6     98.1    232.9
     1     1    15     4    20    21     0     3    -4.0   68.481 -132.200    258.6    954.8    276.5    272.9      0.0    289.1     99.3    216.7    322.0
     2     1    15     4    20    21     0     3    -4.0   68.462 -130.939    123.9    984.9    275.4    274.2      0.0    397.5     96.8    102.3    417.0
     3     1    15     4    20    21     0     3    -4.0   68.588 -133.004    143.9    964.5    276.1    273.3      0.0    283.0     99.6    249.8    293.4
     4     1    15     4    20    21     0     3    -4.0   68.399 -131.968    252.0    951.2    276.8    272.9      0.0    353.6     99.3    253.7    300.9
     5     1    15     4    20    21     0     3    -4.0   68.438 -130.820    146.4    980.7    275.3    273.7      0.0    450.0     95.4    114.3    416.8
     6     1    15     4    20    21     0     3    -4.0   68.541 -132.770    229.6    948.9    276.6    272.4      0.0    321.8     98.4    294.2    259.2
     7     1    15     4    20    21     0     3    -4.0   68.542 -132.413    110.7    987.0    275.1    274.1      0.0    227.8     98.6     98.3    323.1
     8     1    15     4    20    21     0     3    -4.0   68.516 -131.090    149.7    979.5    275.6    274.0      0.0    320.8     99.0    120.8    359.0
     9     1    15     4    20    21     0     3    -4.0   68.552 -133.073    137.5    978.5    275.5    273.8      0.0    298.4     98.4    141.3    265.9
    10     1    15     4    20    21     0     3    -4.0   68.838 -132.351    333.5    988.6    275.2    274.3      0.0    252.2     99.5    112.2    320.9
    11     1    15     4    20    21     0     3    -4.0   68.807 -131.403    281.5    999.3    274.4    274.4      0.0    330.9     97.6     77.2    361.4
    12     1    15     4    20    21     0     3    -4.0   68.888 -133.215    305.0    988.2    275.1    274.1      0.0    276.5     99.7    143.1    274.6
    13     1    15     4    20    21     0     3    -4.0   68.720 -132.091    376.7    973.0    276.0    273.9      0.0    338.2     99.4    195.5    332.8
    14     1    15     4    20    21     0     3    -4.0   68.825 -131.398    271.3   1004.1    274.2    274.5      0.0    365.7     95.6     49.1    373.0
    15     1    15     4    20    21     0     3    -4.0   68.760 -132.974    423.5    962.5    276.2    273.2      0.0    278.7     98.1    234.8    304.2
    16     1    15     4    20    21     0     3    -4.0   68.885 -132.608    297.7    997.6    274.6    274.4      0.0    220.8     99.9     74.5    295.0
    17     1    15     4    20    21     0     3    -4.0   68.805 -131.522    298.3    996.6    274.6    274.3      0.0    351.6     98.6     82.5    324.1
    18     1    15     4    20    21     0     3    -4.0   68.884 -133.286    290.0    993.7    274.7    274.2      0.0    346.7     99.9    113.9    211.3
    19     1    15     4    20    21     0     3    -4.0   68.317 -132.608    116.4    943.9    277.3    272.8      0.0    262.7     95.5    203.3    313.3
    20     1    15     4    20    21     0     3    -4.0   68.119 -131.828    166.6    935.8    277.2    272.0      0.0    329.5     99.1    221.7    317.8
    21     1    15     4    20    21     0     3    -4.0   68.367 -133.188    167.6    936.3    279.6    274.4      0.0    274.9     81.9    216.5    277.6
    22     1    15     4    20    21     0     3    -4.0   68.216 -132.513    223.4    923.6    280.0    273.7      0.0    325.0     84.1    270.2    271.8
    23     1    15     4    20    21     0     3    -4.0   68.030 -131.762    194.5    930.0    277.5    271.8      0.0    372.3     99.6    243.8    331.3
    24     1    15     4    20    21     0     3    -4.0   68.365 -132.838    135.0    931.9    279.4    273.9      0.0    282.8     85.8    286.5    241.7
    25     1    15     4    20    21     0     3    -4.0   68.354 -132.752    112.7    950.4    276.8    272.8      0.0    283.0     96.2    151.2    269.5
    26     1    15     4    20    21     0     3    -4.0   68.210 -131.894    134.7    950.0    276.5    272.5      0.0    247.6     99.3    132.4    327.3
    27     1    15     4    20    21     0     3    -4.0   68.313 -133.174    145.0    950.0    278.1    274.0      0.0    282.1     87.3    121.8    263.4
     1     1    15     4    20    20     0     2    -5.0   68.173 -131.844    267.8    947.5    276.6    272.4      0.0    346.7     99.0    270.7    222.7
     2     1    15     4    20    20     0     2    -5.0   68.170 -130.261    147.0    974.1    275.5    273.4      0.0    434.9     97.5    163.4    318.7
     3     1    15     4    20    20     0     2    -5.0   68.337 -132.742    185.7    956.3    276.2    272.7      0.0    281.0     99.0    278.9    216.3
     4     1    15     4    20    20     0     2    -5.0   68.076 -131.486    285.0    938.6    277.5    272.5      0.0    361.5     99.7    310.6    223.8
     5     1    15     4    20    20     0     2    -5.0   68.112 -130.031    191.7    966.1    275.4    272.7      0.0    447.5     98.3    190.0    244.5
     6     1    15     4    20    20     0     2    -5.0   68.297 -132.451    160.8    963.3    275.9    273.0      0.0    275.6     99.2    244.4    197.8
     7     1    15     4    20    20     0     2    -5.0   68.292 -132.142    175.7    965.6    275.8    273.1      0.0    293.5     98.6    211.8    256.8
     8     1    15     4    20    20     0     2    -5.0   68.246 -130.491    121.6    977.1    275.6    273.8      0.0    408.6     98.0    160.6    300.0
     9     1    15     4    20    20     0     2    -5.0   68.287 -132.829    223.8    963.6    276.0    273.1      0.0    284.5     97.9    179.8    228.6
    10     1    15     4    20    20     0     2    -5.0   68.584 -131.897    391.6    966.7    276.1    273.4      0.0    366.5     99.7    233.2    255.1
    11     1    15     4    20    20     0     2    -5.0   68.639 -130.783    301.7    997.7    274.5    274.3      0.0    415.5     95.3     63.6    308.0
    12     1    15     4    20    20     0     2    -5.0   68.691 -132.975    314.2    978.2    275.4    273.7      0.0    296.4     98.9    216.6    251.8
    13     1    15     4    20    20     0     2    -5.0   68.420 -131.574    388.4    963.0    276.4    273.4      0.0    396.3     99.7    265.1    261.8
    14     1    15     4    20    20     0     2    -5.0   68.640 -130.766    319.4    993.1    274.7    274.1      0.0    470.0     92.6     91.5    314.6
    15     1    15     4    20    20     0     2    -5.0   68.486 -132.679    467.6    949.8    276.3    272.3      0.0    329.1     98.4    297.7    209.3
    16     1    15     4    20    20     0     2    -5.0   68.704 -132.199    330.7    990.2    275.0    274.2      0.0    269.4     98.5    104.3    268.8
    17     1    15     4    20    20     0     2    -5.0   68.629 -130.861    312.7    994.0    274.7    274.2      0.0    373.6     97.2     71.4    291.9
    18     1    15     4    20    20     0     2    -5.0   68.710 -133.078    337.0    984.2    275.0    273.7      0.0    323.8     99.5    145.6    208.1
    19     1    15     4    20    20     0     2    -5.0   68.006 -132.444    214.7    919.6    281.7    275.1      0.0    332.8     75.7    315.9    217.9
    20     1    15     4    20    20     0     2    -5.0   67.777 -131.484    248.1    922.5    279.7    273.3      0.0    363.6     87.8    257.1    233.3
    21     1    15     4    20    20     0     2    -5.0   68.086 -133.073    200.5    935.0    279.9    274.5      0.0    231.5     80.3    196.8    214.5
    22     1    15     4    20    20     0     2    -5.0   67.915 -132.281    175.1    931.0    279.8    274.2      0.0    313.4     84.7    255.2    203.7
    23     1    15     4    20    20     0     2    -5.0   67.681 -131.282    124.5    932.8    277.8    272.3      0.0    360.9     99.5    278.6    255.1
    24     1    15     4    20    20     0     2    -5.0   68.135 -132.639     97.9    942.8    278.3    273.6      0.0    224.3     89.7    232.9    190.0
    25     1    15     4    20    20     0     2    -5.0   68.050 -132.606    113.3    939.5    277.9    273.0      0.0    309.1     92.9    245.7    241.2
    26     1    15     4    20    20     0     2    -5.0   67.879 -131.601    202.7    928.5    278.7    272.8      0.0    343.0     91.6    250.7    246.9
    27     1    15     4    20    20     0     2    -5.0   68.026 -133.056    167.5    946.9    278.4    274.1      0.0    272.7     85.2    127.5    214.4
     1     1    15     4    20    19     0     1    -6.0   67.878 -131.419    287.2    949.1    277.1    273.0      0.0    322.0     96.3    233.7    169.5
     2     1    15     4    20    19     0     1    -6.0   67.895 -129.492    111.6    976.4    275.1    273.2      0.0    412.8     97.2    184.6    154.3
     3     1    15     4    20    19     0     1    -6.0   68.123 -132.500    196.6    955.6    276.1    272.5      0.0    236.1     99.1    271.9    153.2
     4     1    15     4    20    19     0     1    -6.0   67.777 -131.000    290.0    943.6    277.5    273.0      0.0    308.7     98.7    274.3    164.4
     5     1    15     4    20    19     0     1    -6.0   67.822 -129.228    135.7    972.9    275.2    273.0      0.0    467.1     94.7    189.1    141.9
     6     1    15     4    20    19     0     1    -6.0   68.096 -132.094    112.3    978.3    275.4    273.7      0.0    263.6     99.4    162.3    165.0
     7     1    15     4    20    19     0     1    -6.0   68.006 -131.848    247.1    945.1    276.5    272.0      0.0    340.7     98.3    309.8    173.0
     8     1    15     4    20    19     0     1    -6.0   67.969 -129.824    112.2    974.5    275.4    273.3      0.0    408.7     99.1    196.4    221.8
     9     1    15     4    20    19     0     1    -6.0   68.047 -132.615    241.1    960.9    275.9    272.7      0.0    237.2     98.6    184.0    168.8
    10     1    15     4    20    19     0     1    -6.0   68.273 -131.421    469.7    953.8    276.3    272.6      0.0    383.1     99.1    260.9    182.7
    11     1    15     4    20    19     0     1    -6.0   68.384 -130.100    368.5    981.1    275.1    273.6      0.0    469.4     93.7    136.6    223.9
    12     1    15     4    20    19     0     1    -6.0   68.453 -132.723    338.6    964.9    275.8    273.0      0.0    323.7     98.8    299.0    179.3
    13     1    15     4    20    19     0     1    -6.0   68.153 -130.998    341.2    968.7    276.0    273.5      0.0    341.4     99.0    258.8    203.1
    14     1    15     4    20    19     0     1    -6.0   68.334 -129.990    455.3    963.9    275.2    272.3      0.0    508.8     96.1    192.4    193.3
    15     1    15     4    20    19     0     1    -6.0   68.248 -132.339    368.4    970.4    275.6    273.2      0.0    279.5     99.2    223.7    168.0
    16     1    15     4    20    19     0     1    -6.0   68.429 -131.821    473.8    959.6    276.0    272.7      0.0    342.7     99.2    210.2    206.2
    17     1    15     4    20    19     0     1    -6.0   68.419 -130.244    330.0    989.8    274.8    274.0      0.0    443.5     95.3    102.1    223.4
    18     1    15     4    20    19     0     1    -6.0   68.461 -132.888    420.4    969.2    275.6    273.1      0.0    324.8     98.7    184.0    195.4
    19     1    15     4    20    19     0     1    -6.0   67.727 -132.320    236.0    922.6    281.5    275.1      0.0    264.9     75.3    267.4    162.0
    20     1    15     4    20    19     0     1    -6.0   67.478 -131.275    287.7    914.8    282.0    274.9      0.0    342.0     74.2    279.3    168.3
    21     1    15     4    20    19     0     1    -6.0   67.849 -132.945    219.3    932.8    280.1    274.6      0.0    220.9     79.7    195.9    167.7
    22     1    15     4    20    19     0     1    -6.0   67.660 -132.010    161.4    941.9    279.7    274.9      0.0    282.0     81.5    169.1    166.1
    23     1    15     4    20    19     0     1    -6.0   67.368 -130.822     77.3    939.6    277.7    272.8      0.0    311.7     99.3    274.8    167.9
    24     1    15     4    20    19     0     1    -6.0   67.952 -132.372      0.0    965.8    275.7    273.0      0.0    216.5     99.2    184.7    169.7
    25     1    15     4    20    19     0     1    -6.0   67.754 -132.442    135.9    936.6    278.4    273.3      0.0    272.4     90.5    246.2    177.9
    26     1    15     4    20    19     0     1    -6.0   67.546 -131.323    169.7    929.3    279.5    273.7      0.0    347.0     86.7    275.1    173.6
    27     1    15     4    20    19     0     1    -6.0   67.769 -132.929    161.9    946.5    278.7    274.3      0.0    257.0     83.4    135.6    154.8
     1     1    15     4    20    18     0     0    -7.0   67.601 -130.977    292.4    953.4    277.5    273.8      0.0    297.9     93.8    195.0    129.8
     2     1    15     4    20    18     0     0    -7.0   67.657 -128.797     94.1    977.4    275.2    273.4      0.0    445.1     95.2    192.8     89.8
     3     1    15     4    20    18     0     0    -7.0   67.948 -132.295    148.4    966.5    275.6    272.9      0.0    220.0     99.2    228.1    132.9
     4     1    15     4    20    18     0     0    -7.0   67.497 -130.573    235.1    949.6    277.3    273.3      0.0    343.0     99.4    283.4     68.9
     5     1    15     4    20    18     0     0    -7.0   67.544 -128.475    152.1    966.3    275.5    272.8      0.0    487.8     93.0    226.4    111.7
     6     1    15     4    20    18     0     0    -7.0   67.897 -131.690    146.6    970.5    275.7    273.4      0.0    261.2     98.9    197.7    135.0
     7     1    15     4    20    18     0     0    -7.0   67.749 -131.534    160.7    963.3    275.6    272.6      0.0    283.9     99.2    242.9    138.9
     8     1    15     4    20    18     0     0    -7.0   67.740 -129.149     55.5    982.6    274.9    273.6      0.0    372.8     97.5    189.2     96.8
     9     1    15     4    20    18     0     0    -7.0   67.836 -132.442    233.6    960.1    276.0    272.8      0.0    229.3     97.5    196.0    126.0
    10     1    15     4    20    18     0     0    -7.0   67.965 -130.890    489.6    946.1    277.0    272.6      0.0    337.5     98.2    305.0    116.3
    11     1    15     4    20    18     0     0    -7.0   68.075 -129.286    443.8    963.1    275.1    272.2      0.0    478.9     97.7    208.8     88.8
    12     1    15     4    20    18     0     0    -7.0   68.224 -132.491    363.6    963.6    275.7    272.8      0.0    277.3     98.9    284.2    123.9
    13     1    15     4    20    18     0     0    -7.0   67.962 -130.483    282.2    977.0    275.6    273.8      0.0    318.4     99.8    255.3    100.8
    14     1    15     4    20    18     0     0    -7.0   67.999 -129.161    447.6    966.2    274.8    272.1      0.0    497.7     95.3    179.3     90.9
    15     1    15     4    20    18     0     0    -7.0   68.051 -131.974    358.0    981.8    275.1    273.7      0.0    263.4     99.3    141.7    142.7
    16     1    15     4    20    18     0     0    -7.0   68.112 -131.413    472.2    951.5    276.2    272.3      0.0    369.5     98.9    276.8    135.7
    17     1    15     4    20    18     0     0    -7.0   68.145 -129.515    357.9    978.1    274.9    273.2      0.0    439.6     96.5    171.9    117.1
    18     1    15     4    20    18     0     0    -7.0   68.195 -132.718    455.6    964.0    275.5    272.6      0.0    287.1     99.5    189.8    130.6
    19     1    15     4    20    18     0     0    -7.0   67.508 -132.173    157.0    937.7    279.7    274.6      0.0    222.1     82.5    214.8    135.7
    20     1    15     4    20    18     0     0    -7.0   67.242 -131.153    319.8    918.1    282.5    275.7      0.0    309.9     69.3    222.6    129.2
    21     1    15     4    20    18     0     0    -7.0   67.632 -132.872    236.4    930.8    280.6    274.9      0.0    237.5     77.4    195.2    127.6
    22     1    15     4    20    18     0     0    -7.0   67.452 -131.751    168.0    942.2    280.0    275.3      0.0    263.4     79.4    166.2    138.5
    23     1    15     4    20    18     0     0    -7.0   67.087 -130.387      0.0    957.4    276.9    273.5      0.0    342.5     99.4    261.3     73.6
    24     1    15     4    20    18     0     0    -7.0   67.765 -132.033     10.5    953.0    278.2    274.4      0.0    235.9     87.6    232.7    144.8
    25     1    15     4    20    18     0     0    -7.0   67.509 -132.276    135.6    939.3    277.9    273.0      0.0    222.3     92.3    221.6    124.6
    26     1    15     4    20    18     0     0    -7.0   67.252 -131.028    150.3    940.9    279.4    274.6      0.0    299.5     83.2    194.6    140.0
    27     1    15     4    20    18     0     0    -7.0   67.527 -132.834    144.4    947.0    278.9    274.6      0.0    252.6     81.4    147.7    109.4
     1     1    15     4    20    17     0     1    -8.0   67.351 -130.551    328.2    945.2    277.6    273.1      0.0    277.3     97.8    228.2     81.2
     2     1    15     4    20    17     0     1    -8.0   67.398 -128.133    120.9    970.6    275.7    273.3      0.0    495.7     92.9    219.8     80.7
     3     1    15     4    20    17     0     1    -8.0   67.792 -132.015     74.8    977.6    275.3    273.5      0.0    228.3     99.4    196.1    112.9
     4     1    15     4    20    17     0     1    -8.0   67.269 -130.121    158.5    961.9    276.8    273.7      0.0    339.8     98.7    255.9     62.8
     5     1    15     4    20    17     0     1    -8.0   67.209 -127.650    232.3    947.2    275.7    271.5      0.0    553.2     98.1    294.3     89.4
     6     1    15     4    20    17     0     1    -8.0   67.701 -131.271    159.5    961.7    276.4    273.4      0.0    248.6     98.1    251.7     87.2
     7     1    15     4    20    17     0     1    -8.0   67.568 -131.210     63.5    984.2    275.0    273.8      0.0    257.7     98.6    165.3    107.3
     8     1    15     4    20    17     0     1    -8.0   67.552 -128.572     66.1    982.0    275.1    273.7      0.0    410.3     97.0    171.2     69.6
     9     1    15     4    20    17     0     1    -8.0   67.622 -132.223    240.7    959.2    276.7    273.4      0.0    240.4     94.4    190.5    100.5
    10     1    15     4    20    17     0     1    -8.0   67.687 -130.393    499.2    948.9    277.2    273.1      0.0    318.1     98.8    277.2     78.9
    11     1    15     4    20    17     0     1    -8.0   67.807 -128.506    370.2    976.7    275.1    273.2      0.0    513.9     92.0    168.7     75.6
    12     1    15     4    20    17     0     1    -8.0   68.043 -132.254    335.2    974.5    275.2    273.2      0.0    239.0     99.1    207.8     98.7
    13     1    15     4    20    17     0     1    -8.0   67.847 -130.102    263.1    987.4    275.0    274.0      0.0    332.2     99.1    193.6     71.3
    14     1    15     4    20    17     0     1    -8.0   67.697 -128.342    440.0    960.3    275.3    272.1      0.0    571.5     93.9    235.4     87.6
    15     1    15     4    20    17     0     1    -8.0   67.854 -131.557    390.0    967.1    276.0    273.4      0.0    262.6     98.6    230.4     98.3
    16     1    15     4    20    17     0     1    -8.0   67.835 -130.954    464.7    959.1    276.2    272.9      0.0    319.4     98.1    228.0    102.8
    17     1    15     4    20    17     0     1    -8.0   67.887 -128.738    364.8    974.5    275.1    273.0      0.0    468.7     95.7    181.4     67.7
    18     1    15     4    20    17     0     1    -8.0   67.970 -132.531    445.3    966.6    275.5    272.8      0.0    242.8     99.1    164.0     97.2
    19     1    15     4    20    17     0     1    -8.0   67.319 -131.952      0.0    957.8    277.0    273.6      0.0    228.6     93.5    193.3    112.1
    20     1    15     4    20    17     0     1    -8.0   67.055 -131.043    351.8    919.7    282.0    275.4      0.0    288.4     73.8    183.2    102.5
    21     1    15     4    20    17     0     1    -8.0   67.433 -132.901    260.9    929.9    281.2    275.4      0.0    223.9     74.7    170.2    100.6
    22     1    15     4    20    17     0     1    -8.0   67.270 -131.525    207.6    925.0    281.0    274.7      0.0    253.0     81.0    271.2     93.7
    23     1    15     4    20    17     0     1    -8.0   66.815 -129.927     28.5    947.8    277.6    273.3      0.0    352.9     98.6    258.3     60.6
    24     1    15     4    20    17     0     1    -8.0   67.598 -131.758    117.6    928.7    280.8    275.0      0.0    229.4     80.2    321.5     96.3
    25     1    15     4    20    17     0     1    -8.0   67.303 -132.114    118.5    941.9    278.5    273.8      0.0    240.4     88.5    208.1     98.3
    26     1    15     4    20    17     0     1    -8.0   67.019 -130.730    159.7    944.7    279.1    274.6      0.0    276.0     85.4    159.3    105.9
    27     1    15     4    20    17     0     1    -8.0   67.306 -132.772    128.3    949.3    279.4    275.2      0.0    186.1     78.3    134.1    105.6
     1     1    15     4    20    16     0     2    -9.0   67.126 -130.115    329.0    949.3    277.3    273.2      0.0    284.1     99.0    194.1     54.7
     2     1    15     4    20    16     0     2    -9.0   67.087 -127.361    194.0    953.0    276.0    272.3      0.0    546.0     96.3    294.7     60.2
     3     1    15     4    20    16     0     2    -9.0   67.654 -131.626     97.1    968.7    276.0    273.5      0.0    237.8     98.0    256.6     72.0
     4     1    15     4    20    16     0     2    -9.0   67.046 -129.552    169.4    952.4    277.2    273.3      0.0    351.3     99.4    327.6     46.6
     5     1    15     4    20    16     0     2    -9.0   66.860 -126.807    266.1    944.8    275.6    271.2      0.0    603.8     97.7    283.7     65.7
     6     1    15     4    20    16     0     2    -9.0   67.554 -130.916     34.3    988.7    275.2    274.3      0.0    236.7     97.9    155.9     59.8
     7     1    15     4    20    16     0     2    -9.0   67.418 -130.833    101.5    978.2    275.6    273.8      0.0    265.6     97.0    180.9     72.3
     8     1    15     4    20    16     0     2    -9.0   67.330 -127.991     91.2    977.1    275.5    273.7      0.0    492.1     95.0    191.4     50.7
     9     1    15     4    20    16     0     2    -9.0   67.421 -131.895    217.0    961.7    276.6    273.5      0.0    242.5     94.7    201.4     76.6
    10     1    15     4    20    16     0     2    -9.0   67.438 -129.937    380.7    963.2    276.6    273.7      0.0    339.1     99.0    274.3     41.0
    11     1    15     4    20    16     0     2    -9.0   67.508 -127.752    404.3    962.8    275.7    272.7      0.0    592.1     91.8    249.1     65.3
    12     1    15     4    20    16     0     2    -9.0   67.936 -131.994    255.3    988.8    274.6    273.7      0.0    223.9     99.1    176.3     70.4
    13     1    15     4    20    16     0     2    -9.0   67.701 -129.669    324.2    975.5    275.7    273.8      0.0    386.9     98.2    226.6     44.2
    14     1    15     4    20    16     0     2    -9.0   67.338 -127.512    508.0    943.7    275.4    270.9      0.0    616.3     98.8    297.5     64.8
    15     1    15     4    20    16     0     2    -9.0   67.671 -131.138    377.0    969.6    276.1    273.6      0.0    242.5     98.1    218.7     59.4
    16     1    15     4    20    16     0     2    -9.0   67.577 -130.473    470.8    961.7    276.7    273.6      0.0    292.2     97.0    197.6     69.2
    17     1    15     4    20    16     0     2    -9.0   67.657 -128.070    322.2    982.1    275.1    273.7      0.0    516.5     92.8    169.9     56.0
    18     1    15     4    20    16     0     2    -9.0   67.771 -132.236    453.4    963.1    275.8    272.9      0.0    253.8     98.8    194.3     66.0
    19     1    15     4    20    16     0     2    -9.0   67.141 -131.578     36.3    945.3    278.6    274.2      0.0    235.5     88.5    266.8     71.5
    20     1    15     4    20    16     0     2    -9.0   66.904 -130.941    403.9    909.6    283.2    275.6      0.0    270.8     72.5    215.6     67.3
    21     1    15     4    20    16     0     2    -9.0   67.258 -133.061    297.2    929.0    281.9    276.1      0.0    179.7     71.6    148.4     74.2
    22     1    15     4    20    16     0     2    -9.0   67.125 -131.385    287.6    912.4    282.7    275.4      0.0    234.6     76.3    300.6     59.8
    23     1    15     4    20    16     0     2    -9.0   66.540 -129.380     55.9    939.0    278.2    273.2      0.0    354.5     99.3    306.1     45.8
    24     1    15     4    20    16     0     2    -9.0   67.483 -131.680    270.8    906.7    284.3    276.4      0.0    215.7     68.0    365.1     61.2
    25     1    15     4    20    16     0     2    -9.0   67.116 -131.929     88.4    946.3    278.7    274.3      0.0    259.3     87.1    209.6     70.4
    26     1    15     4    20    16     0     2    -9.0   66.817 -130.415    179.4    931.4    279.5    273.9      0.0    259.7     89.3    246.5     64.5
    27     1    15     4    20    16     0     2    -9.0   67.129 -132.746    114.3    951.7    279.5    275.6      0.0    141.9     77.1    136.0     81.1
     1     1    15     4    20    15     0     3   -10.0   66.917 -129.625    482.5    922.8    280.1    273.7      0.0    310.4     94.7    266.4     36.3
     2     1    15     4    20    15     0     3   -10.0   66.761 -126.537    188.7    955.0    275.8    272.1      0.0    570.9     95.9    283.7     36.2
     3     1    15     4    20    15     0     3   -10.0   67.505 -131.167    237.1    938.7    277.7    272.7      0.0    217.7     98.3    372.7     32.1
     4     1    15     4    20    15     0     3   -10.0   66.846 -128.909     75.4    977.9    275.8    274.1      0.0    328.9     99.3    207.6     36.3
     5     1    15     4    20    15     0     3   -10.0   66.495 -125.957    370.9    928.1    276.1    270.3      0.0    726.3     99.6    327.3     39.8
     6     1    15     4    20    15     0     3   -10.0   67.479 -130.668     18.1    991.1    275.0    274.3      0.0    257.7     96.8    157.3     32.3
     7     1    15     4    20    15     0     3   -10.0   67.246 -130.395    135.5    963.5    276.4    273.5      0.0    248.5     98.5    266.8     35.1
     8     1    15     4    20    15     0     3   -10.0   67.066 -127.315    112.8    967.5    276.1    273.5      0.0    513.7     93.4    256.3     33.1
     9     1    15     4    20    15     0     3   -10.0   67.270 -131.487    254.6    956.7    277.4    274.0      0.0    220.5     92.1    204.2     39.3
    10     1    15     4    20    15     0     3   -10.0   67.265 -129.462    354.8    966.9    276.5    273.9      0.0    347.6     99.0    266.3     31.7
    11     1    15     4    20    15     0     3   -10.0   67.151 -126.935    488.8    947.4    275.7    271.4      0.0    626.1     97.8    294.0     40.0
    12     1    15     4    20    15     0     3   -10.0   67.863 -131.727    256.0    988.3    274.8    273.9      0.0    250.3     98.4    188.0     35.2
    13     1    15     4    20    15     0     3   -10.0   67.471 -129.097    362.3    968.4    276.2    273.6      0.0    453.9     99.2    246.3     24.1
    14     1    15     4    20    15     0     3   -10.0   66.967 -126.680    546.1    941.3    275.4    270.7      0.0    657.6     98.9    287.0     44.6
    15     1    15     4    20    15     0     3   -10.0   67.558 -130.823    255.6    991.4    275.0    274.3      0.0    247.2     97.1    162.9     31.7
    16     1    15     4    20    15     0     3   -10.0   67.337 -130.010    507.7    953.8    277.1    273.3      0.0    260.1     99.4    224.1     32.1
    17     1    15     4    20    15     0     3   -10.0   67.382 -127.393    357.6    969.5    275.9    273.4      0.0    584.4     91.1    242.1     38.1
    18     1    15     4    20    15     0     3   -10.0   67.580 -131.837    444.4    962.8    276.0    273.0      0.0    277.7     99.3    211.4     32.0
    19     1    15     4    20    15     0     3   -10.0   67.011 -131.382    208.3    917.2    283.7    276.7      0.0    218.4     70.6    342.4     32.2
    20     1    15     4    20    15     0     3   -10.0   66.790 -130.959    494.5    894.4    285.4    276.4      0.0    254.2     65.9    259.9     36.3
    21     1    15     4    20    15     0     3   -10.0   67.087 -133.366    291.9    931.7    282.3    276.6      0.0    125.6     70.0    133.2     39.6
    22     1    15     4    20    15     0     3   -10.0   67.011 -131.367    344.6    903.8    284.5    276.3      0.0    218.5     70.4    324.4     32.1
    23     1    15     4    20    15     0     3   -10.0   66.283 -128.702      0.0    965.3    276.8    274.0      0.0    333.8     98.4    186.0     41.4
    24     1    15     4    20    15     0     3   -10.0   67.408 -131.827    404.9    898.5    285.8    277.2      0.0    197.4     61.5    313.6     33.5
    25     1    15     4    20    15     0     3   -10.0   66.950 -131.680     84.9    946.0    279.1    274.7      0.0    268.1     86.1    216.2     33.6
    26     1    15     4    20    15     0     3   -10.0   66.635 -130.108    171.0    937.1    278.6    273.5      0.0    234.3     95.8    206.8     32.5
    27     1    15     4    20    15     0     3   -10.0   66.996 -132.757     91.0    954.6    279.3    275.6      0.0    119.1     78.8    137.8     40.0
     1     1    15     4    20    14     0     2   -11.0   66.722 -129.206    449.4    932.7    279.9    274.4      0.0    283.5     92.2    217.0     33.2
     2     1    15     4    20    14     0     2   -11.0   66.439 -125.690    300.9    937.2    276.2    271.1      0.0    638.1     99.0    328.0     25.6
     3     1    15     4    20    14     0     2   -11.0   67.370 -130.789    291.0    947.1    277.2    272.9      0.0    212.9     98.0    257.0     22.7
     4     1    15     4    20    14     0     2   -11.0   66.713 -128.323     47.6    984.3    275.5    274.3      0.0    371.1     97.1    180.2     29.1
     5     1    15     4    20    14     0     2   -11.0   66.138 -125.125    396.7    928.3    275.9    270.1      0.0    606.2     98.5    301.6     18.9
     6     1    15     4    20    14     0     2   -11.0   67.344 -130.185    217.1    957.6    276.7    273.3      0.0    280.7     98.7    237.6     26.2
     7     1    15     4    20    14     0     2   -11.0   67.100 -129.993     34.5    988.2    274.9    273.9      0.0    243.4     97.1    169.0     21.3
     8     1    15     4    20    14     0     2   -11.0   66.765 -126.518    171.0    953.6    276.1    272.4      0.0    537.3     97.0    311.4     24.0
     9     1    15     4    20    14     0     2   -11.0   67.163 -131.165    338.3    947.2    279.3    275.0      0.0    153.3     85.6    209.6     26.1
    10     1    15     4    20    14     0     2   -11.0   67.061 -128.856    366.5    961.7    276.4    273.4      0.0    365.6     99.3    290.4     19.3
    11     1    15     4    20    14     0     2   -11.0   66.791 -126.101    536.6    941.1    275.8    271.0      0.0    609.1     98.7    307.8     28.7
    12     1    15     4    20    14     0     2   -11.0   67.759 -131.357    335.5    971.6    275.7    273.5      0.0    254.5     97.0    252.4     24.1
    13     1    15     4    20    14     0     2   -11.0   67.240 -128.445    345.5    972.5    275.9    273.7      0.0    444.9     96.4    237.4     18.6
    14     1    15     4    20    14     0     2   -11.0   66.592 -125.832    586.4    933.7    275.8    270.4      0.0    685.8     98.9    314.2     27.7
    15     1    15     4    20    14     0     2   -11.0   67.475 -130.512    348.0    980.5    275.4    273.9      0.0    276.0     96.5    151.1     21.6
    16     1    15     4    20    14     0     2   -11.0   67.122 -129.508    538.2    953.8    277.2    273.4      0.0    298.4     98.4    181.1     20.1
    17     1    15     4    20    14     0     2   -11.0   67.051 -126.598    441.4    952.3    275.8    272.0      0.0    571.0     96.5    304.9     25.7
    18     1    15     4    20    14     0     2   -11.0   67.415 -131.402    513.8    950.8    277.4    273.5      0.0    226.0     94.1    249.9     23.0
    19     1    15     4    20    14     0     2   -11.0   66.931 -131.553    334.7    907.8    286.2    278.4      0.0    212.5     58.1    308.5     22.2
    20     1    15     4    20    14     0     2   -11.0   66.700 -131.131    590.7    880.3    286.8    276.5      0.0    254.2     61.4    295.0     23.5
    21     1    15     4    20    14     0     2   -11.0   66.896 -133.755    271.5    924.6    283.1    276.8      0.0     35.4     68.0    226.7     26.7
    22     1    15     4    20    14     0     2   -11.0   66.928 -131.475    428.0    891.4    286.6    277.3      0.0    217.3     61.6    360.7     22.1
    23     1    15     4    20    14     0     2   -11.0   66.030 -127.906     33.9    955.9    277.6    274.1      0.0    373.3     98.0    176.9     28.3
    24     1    15     4    20    14     0     2   -11.0   67.337 -132.133    465.9    898.1    286.5    277.9      0.0    193.6     56.4    265.9     23.5
    25     1    15     4    20    14     0     2   -11.0   66.823 -131.506    133.3    940.6    280.8    275.9      0.0    211.2     78.8    222.6     25.1
    26     1    15     4    20    14     0     2   -11.0   66.452 -129.655     44.4    958.0    276.9    273.5      0.0    258.6     98.2    150.6     21.8
    27     1    15     4    20    14     0     2   -11.0   66.883 -132.802     58.4    952.5    279.8    275.9      0.0     71.5     78.0    192.8     27.2
     1     1    15     4    20    13     0     1   -12.0   66.544 -128.864    467.8    939.3    279.8    274.8      0.0    254.0     92.2    140.5     20.3
     2     1    15     4    20    13     0     1   -12.0   66.095 -124.831    354.8    932.8    276.1    270.6      0.0    578.6     99.2    304.6      9.0
     3     1    15     4    20    13     0     1   -12.0   67.243 -130.352    136.7    978.7    275.0    273.3      0.0    214.8     98.1    142.6     12.0
     4     1    15     4    20    13     0     1   -12.0   66.548 -127.604    117.4    969.7    276.2    273.8      0.0    427.6     99.0    235.1      9.7
     5     1    15     4    20    13     0     1   -12.0   65.815 -124.300    401.4    932.2    276.1    270.6      0.0    515.0     98.8    258.3      9.7
     6     1    15     4    20    13     0     1   -12.0   67.173 -129.577    173.0    968.4    276.1    273.6      0.0    269.8     96.9    189.5     17.6
     7     1    15     4    20    13     0     1   -12.0   67.021 -129.700      4.4    992.2    274.4    273.8      0.0    267.5     97.1    154.4     10.6
     8     1    15     4    20    13     0     1   -12.0   66.485 -125.735     88.6    964.3    275.6    272.8      0.0    558.3     94.4    309.9     12.0
     9     1    15     4    20    13     0     1   -12.0   67.080 -131.019    418.4    940.7    281.8    276.9      0.0    131.4     75.1    181.0     13.0
    10     1    15     4    20    13     0     1   -12.0   66.898 -128.295    249.4    985.4    275.0    273.8      0.0    380.9     98.7    213.7     10.7
    11     1    15     4    20    13     0     1   -12.0   66.413 -125.242    611.6    930.8    276.2    270.6      0.0    644.6     98.9    310.7     12.4
    12     1    15     4    20    13     0     1   -12.0   67.604 -130.901    362.1    959.8    275.9    272.7      0.0    256.1     98.8    318.8     11.1
    13     1    15     4    20    13     0     1   -12.0   66.988 -127.687    345.9    962.3    276.0    273.0      0.0    518.3     98.7    309.7      9.7
    14     1    15     4    20    13     0     1   -12.0   66.240 -124.997    568.7    937.4    275.4    270.4      0.0    609.3     99.1    294.9     10.6
    15     1    15     4    20    13     0     1   -12.0   67.295 -129.936    477.8    953.3    277.1    273.3      0.0    275.1     98.2    260.5     15.0
    16     1    15     4    20    13     0     1   -12.0   66.917 -128.989    678.8    923.7    279.3    273.1      0.0    303.0     98.0    311.4     12.4
    17     1    15     4    20    13     0     1   -12.0   66.719 -125.769    430.7    953.6    275.7    272.0      0.0    565.4     96.3    304.0     13.1
    18     1    15     4    20    13     0     1   -12.0   67.295 -131.135    630.3    936.4    280.8    275.6      0.0    184.8     81.3    252.1     12.1
    19     1    15     4    20    13     0     1   -12.0   66.843 -131.875    350.0    913.4    285.9    278.5      0.0    192.1     58.5    240.0     12.1
    20     1    15     4    20    13     0     1   -12.0   66.602 -131.478    619.2    876.3    287.6    276.9      0.0    243.3     57.0    306.5     11.2
    21     1    15     4    20    13     0     1   -12.0   66.656 -134.201    260.2    915.1    284.3    277.2      0.0     20.0     63.7    319.1     13.0
    22     1    15     4    20    13     0     1   -12.0   66.864 -131.759    523.0    885.9    287.8    278.0      0.0    209.0     54.4    313.7     11.4
    23     1    15     4    20    13     0     1   -12.0   65.747 -127.132     20.0    944.1    278.1    273.6      0.0    404.7     99.0    294.0     12.0
    24     1    15     4    20    13     0     1   -12.0   67.237 -132.534    433.0    907.6    286.3    278.5      0.0    170.6     56.1    208.9     13.5
    25     1    15     4    20    13     0     1   -12.0   66.714 -131.475    172.9    936.9    282.2    277.0      0.0    168.0     73.6    210.4     13.6
    26     1    15     4    20    13     0     1   -12.0   66.285 -129.223    246.5    927.2    280.3    274.3      0.0    257.9     92.4    217.2     13.7
    27     1    15     4    20    13     0     1   -12.0   66.760 -132.913     23.8    950.5    280.8    276.7      0.0     37.5     73.8    248.0     13.6
