    10     1
    GFSG    15     4    13     0     0
    GFSG    15     4    14     0     0
    GFSG    15     4    15     0     0
    GFSG    15     4    16     0     0
    GFSG    15     4    17     0     0
    GFSG    15     4    18     0     0
    GFSG    15     4    19     0     0
    GFSG    15     4    20     0     0
    GFSG    15     4    21     0     0
    GFSG    15     4    22     0     0
    27 BACKWARD OMEGA   
    15     4    21     0   69.395 -134.014     0.5
    15     4    21     0   69.395 -134.014     0.5
    15     4    21     0   69.395 -134.014     0.5
    15     4    21     0   69.395 -134.014     0.5
    15     4    21     0   69.395 -134.014     0.5
    15     4    21     0   69.395 -134.014     0.5
    15     4    21     0   69.395 -134.014     0.5
    15     4    21     0   69.395 -134.014     0.5
    15     4    21     0   69.395 -134.014     0.5
    15     4    21     0   69.395 -134.014     0.5
    15     4    21     0   69.395 -134.014     0.5
    15     4    21     0   69.395 -134.014     0.5
    15     4    21     0   69.395 -134.014     0.5
    15     4    21     0   69.395 -134.014     0.5
    15     4    21     0   69.395 -134.014     0.5
    15     4    21     0   69.395 -134.014     0.5
    15     4    21     0   69.395 -134.014     0.5
    15     4    21     0   69.395 -134.014     0.5
    15     4    21     0   69.395 -134.014     0.5
    15     4    21     0   69.395 -134.014     0.5
    15     4    21     0   69.395 -134.014     0.5
    15     4    21     0   69.395 -134.014     0.5
    15     4    21     0   69.395 -134.014     0.5
    15     4    21     0   69.395 -134.014     0.5
    15     4    21     0   69.395 -134.014     0.5
    15     4    21     0   69.395 -134.014     0.5
    15     4    21     0   69.395 -134.014     0.5
     8 PRESSURE THETA    AIR_TEMP RAINFALL MIXDEPTH RELHUMID TERR_MSL SUN_FLUX
     1     1    15     4    21     0     0     0     0.0   69.395 -134.014    135.5    984.8    275.9    274.7      0.0    271.0     98.9     71.8    187.5
     2     1    15     4    21     0     0     0     0.0   69.395 -134.014    133.1    989.7    274.9    274.1      0.0    266.2     98.5     58.5    249.0
     3     1    15     4    21     0     0     0     0.0   69.395 -134.014     95.4    985.3    276.1    274.9      0.0    190.7     99.7    114.9    171.4
     4     1    15     4    21     0     0     0     0.0   69.395 -134.014     86.6    994.6    275.4    275.0      0.0    173.2     99.6     65.5    290.5
     5     1    15     4    21     0     0     0     0.0   69.395 -134.014    132.3    990.6    274.9    274.1      0.0    264.7     99.7     58.5    291.9
     6     1    15     4    21     0     0     0     0.0   69.395 -134.014     87.9    986.6    276.2    275.1      0.0    175.7     99.9    104.4    219.3
     7     1    15     4    21     0     0     0     0.0   69.395 -134.014    129.4    987.1    275.8    274.7      0.0    258.7     98.6     65.1    207.3
     8     1    15     4    21     0     0     0     0.0   69.395 -134.014    129.6    990.2    274.9    274.1      0.0    259.2     99.7     58.5    254.4
     9     1    15     4    21     0     0     0     0.0   69.395 -134.014    124.2    988.6    275.6    274.7      0.0    248.3     98.9     83.1    173.3
    10     1    15     4    21     0     0     0     0.0   69.395 -134.014    135.5   1000.2    274.9    275.0      0.0    271.0    100.0     71.8    187.5
    11     1    15     4    21     0     0     0     0.0   69.395 -134.014    133.1   1005.0    274.3    274.7      0.0    266.2     96.4     58.5    249.0
    12     1    15     4    21     0     0     0     0.0   69.395 -134.014     95.4    995.7    275.5    275.2      0.0    190.7    100.0    114.9    171.4
    13     1    15     4    21     0     0     0     0.0   69.395 -134.014     86.6   1004.0    274.9    275.2      0.0    173.2     99.6     65.5    290.5
    14     1    15     4    21     0     0     0     0.0   69.395 -134.014    132.3   1005.8    274.3    274.7      0.0    264.7     95.8     58.5    291.9
    15     1    15     4    21     0     0     0     0.0   69.395 -134.014     87.9    996.2    275.7    275.4      0.0    175.7     99.8    104.4    219.3
    16     1    15     4    21     0     0     0     0.0   69.395 -134.014    129.4   1001.9    275.0    275.1      0.0    258.7     99.5     65.1    207.3
    17     1    15     4    21     0     0     0     0.0   69.395 -134.014    129.6   1005.0    274.3    274.7      0.0    259.2     96.3     58.5    254.4
    18     1    15     4    21     0     0     0     0.0   69.395 -134.014    124.2   1002.7    274.9    275.1      0.0    248.3     99.4     83.1    173.3
    19     1    15     4    21     0     0     0     0.0   69.395 -134.014    135.5    954.8    277.4    273.7      0.0    271.0     99.0     71.8    187.5
    20     1    15     4    21     0     0     0     0.0   69.395 -134.014    133.1    959.5    277.1    273.8      0.0    266.2     98.7     58.5    249.0
    21     1    15     4    21     0     0     0     0.0   69.395 -134.014     95.4    955.3    277.3    273.6      0.0    190.7     99.6    114.9    171.4
    22     1    15     4    21     0     0     0     0.0   69.395 -134.014     86.6    964.3    277.4    274.5      0.0    173.2     98.3     65.5    290.5
    23     1    15     4    21     0     0     0     0.0   69.395 -134.014    132.3    960.4    277.2    274.0      0.0    264.7     98.5     58.5    291.9
    24     1    15     4    21     0     0     0     0.0   69.395 -134.014     87.9    956.6    277.7    274.2      0.0    175.7     99.1    104.4    219.3
    25     1    15     4    21     0     0     0     0.0   69.395 -134.014    129.4    957.0    276.8    273.3      0.0    258.7     99.5     65.1    207.3
    26     1    15     4    21     0     0     0     0.0   69.395 -134.014    129.6    959.9    276.9    273.6      0.0    259.2     99.4     58.5    254.4
    27     1    15     4    21     0     0     0     0.0   69.395 -134.014    124.2    958.4    276.5    273.2      0.0    248.3     99.9     83.1    173.3
     1     1    15     4    20    23     0     1    -1.0   69.212 -133.368    121.6    988.1    275.5    274.6      0.0    209.1     99.6     72.1    273.9
     2     1    15     4    20    23     0     1    -1.0   69.208 -133.034    129.3    989.7    275.0    274.2      0.0    284.6     99.0     46.2    311.9
     3     1    15     4    20    23     0     1    -1.0   69.238 -133.641     84.7    986.4    275.8    274.7      0.0    207.3     99.8    119.0    205.9
     4     1    15     4    20    23     0     1    -1.0   69.219 -133.326    107.0    990.7    275.5    274.7      0.0    213.0     99.6     58.6    301.5
     5     1    15     4    20    23     0     1    -1.0   69.201 -132.994    130.8    989.3    275.0    274.2      0.0    320.0     98.1     45.7    306.4
     6     1    15     4    20    23     0     1    -1.0   69.238 -133.587     81.4    990.7    275.7    275.0      0.0    165.2     99.7     84.0    301.4
     7     1    15     4    20    23     0     1    -1.0   69.209 -133.418    122.4    984.8    275.6    274.4      0.0    264.3     99.5     92.8    191.8
     8     1    15     4    20    23     0     1    -1.0   69.216 -133.090    113.6    992.2    274.8    274.2      0.0    267.8     98.6     58.5    289.5
     9     1    15     4    20    23     0     1    -1.0   69.195 -133.648    123.2    986.3    275.5    274.4      0.0    253.1     99.6     93.5    182.8
    10     1    15     4    20    23     0     1    -1.0   69.296 -133.539    257.6   1002.4    274.7    274.9      0.0    217.1     99.2     72.6    269.8
    11     1    15     4    20    23     0     1    -1.0   69.279 -133.270    253.8   1005.2    274.3    274.7      0.0    283.0     95.7     50.3    308.3
    12     1    15     4    20    23     0     1    -1.0   69.309 -133.735    257.8    996.4    275.2    275.0      0.0    218.8     99.8    112.9    198.6
    13     1    15     4    20    23     0     1    -1.0   69.280 -133.453    279.5   1000.2    274.9    274.9      0.0    216.5     99.2     58.6    302.7
    14     1    15     4    20    23     0     1    -1.0   69.277 -133.238    257.0   1004.9    274.4    274.7      0.0    311.6     95.4     40.9    315.6
    15     1    15     4    20    23     0     1    -1.0   69.303 -133.679    269.5    997.8    275.3    275.1      0.0    172.9     99.8     87.2    281.5
    16     1    15     4    20    23     0     1    -1.0   69.297 -133.607    261.8    999.7    274.8    274.7      0.0    293.1     99.9     81.8    185.0
    17     1    15     4    20    23     0     1    -1.0   69.285 -133.319    249.4   1004.6    274.2    274.6      0.0    298.0     96.3     58.5    258.8
    18     1    15     4    20    23     0     1    -1.0   69.292 -133.763    249.1   1000.4    274.8    274.8      0.0    268.6     99.8     92.4    179.8
    19     1    15     4    20    23     0     1    -1.0   69.151 -133.453    120.1    957.3    277.2    273.8      0.0    211.4     98.8     78.7    257.5
    20     1    15     4    20    23     0     1    -1.0   69.102 -133.204    114.7    961.1    277.0    273.8      0.0    255.8     98.5     54.7    307.4
    21     1    15     4    20    23     0     1    -1.0   69.180 -133.657     98.9    954.4    277.3    273.6      0.0    205.3     98.8    122.4    203.8
    22     1    15     4    20    23     0     1    -1.0   69.127 -133.433     86.0    963.0    277.1    274.1      0.0    185.1     98.2     58.6    304.7
    23     1    15     4    20    23     0     1    -1.0   69.084 -133.191    123.2    959.2    277.0    273.7      0.0    295.0     98.9     53.2    297.6
    24     1    15     4    20    23     0     1    -1.0   69.168 -133.632     54.1    962.7    277.1    274.1      0.0    168.0     98.2     94.1    294.0
    25     1    15     4    20    23     0     1    -1.0   69.161 -133.447    141.8    951.6    277.1    273.2      0.0    260.6     99.4     99.7    184.0
    26     1    15     4    20    23     0     1    -1.0   69.119 -133.214    104.8    962.4    276.7    273.7      0.0    270.6     98.7     58.5    265.8
    27     1    15     4    20    23     0     1    -1.0   69.163 -133.634    138.6    954.6    276.8    273.1      0.0    251.0     99.8     92.5    183.9
     1     1    15     4    20    22     0     2    -2.0   69.005 -132.769    131.7    988.5    275.5    274.5      0.0    191.9     99.5     58.6    309.2
     2     1    15     4    20    22     0     2    -2.0   68.992 -132.098    129.4    988.7    275.0    274.1      0.0    353.3     99.6     59.4    314.8
     3     1    15     4    20    22     0     2    -2.0   69.076 -133.315     85.4    986.2    275.5    274.4      0.0    228.5     99.6    123.3    252.5
     4     1    15     4    20    22     0     2    -2.0   69.014 -132.692    124.4    985.5    275.7    274.6      0.0    243.7     99.7     97.1    312.5
     5     1    15     4    20    22     0     2    -2.0   68.993 -132.045    113.7    991.8    274.8    274.2      0.0    298.7     97.6     59.4    344.3
     6     1    15     4    20    22     0     2    -2.0   69.049 -133.201    110.8    983.3    275.9    274.6      0.0    202.6     97.8    122.3    336.7
     7     1    15     4    20    22     0     2    -2.0   69.022 -132.870    116.1    987.7    275.3    274.3      0.0    224.8     99.9     81.2    252.7
     8     1    15     4    20    22     0     2    -2.0   69.009 -132.190    138.9    987.7    275.0    274.0      0.0    326.8     99.5     57.9    299.3
     9     1    15     4    20    22     0     2    -2.0   69.000 -133.356    117.9    984.9    275.4    274.2      0.0    295.9     99.9    109.1    194.7
    10     1    15     4    20    22     0     2    -2.0   69.170 -133.000    286.5   1000.2    274.7    274.7      0.0    215.7     99.3     58.6    308.4
    11     1    15     4    20    22     0     2    -2.0   69.146 -132.521    265.1   1004.0    274.2    274.5      0.0    350.9     96.9     49.2    311.4
    12     1    15     4    20    22     0     2    -2.0   69.208 -133.440    279.8    993.0    275.1    274.6      0.0    239.0     99.6    122.1    229.0
    13     1    15     4    20    22     0     2    -2.0   69.135 -132.853    298.7    997.2    274.9    274.7      0.0    257.5     99.5     72.4    308.3
    14     1    15     4    20    22     0     2    -2.0   69.146 -132.483    255.0   1004.7    274.2    274.5      0.0    364.9     96.5     49.2    330.9
    15     1    15     4    20    22     0     2    -2.0   69.176 -133.317    289.2    995.3    275.2    274.8      0.0    196.2     99.7     94.7    325.4
    16     1    15     4    20    22     0     2    -2.0   69.190 -133.165    266.7    999.6    274.6    274.5      0.0    265.8     99.3     84.9    233.2
    17     1    15     4    20    22     0     2    -2.0   69.155 -132.599    264.1   1004.2    274.2    274.5      0.0    307.0     96.8     50.6    314.2
    18     1    15     4    20    22     0     2    -2.0   69.192 -133.510    254.0    998.9    274.7    274.6      0.0    303.2    100.0    102.2    181.5
    19     1    15     4    20    22     0     2    -2.0   68.890 -133.047    115.8    959.0    276.7    273.4      0.0    186.2     98.7     69.4    304.5
    20     1    15     4    20    22     0     2    -2.0   68.785 -132.549    132.2    958.3    276.6    273.3      0.0    282.3     99.2     58.6    301.0
    21     1    15     4    20    22     0     2    -2.0   68.938 -133.428     91.3    952.5    277.1    273.3      0.0    243.8     97.3    149.1    231.0
    22     1    15     4    20    22     0     2    -2.0   68.839 -132.980    102.6    957.9    276.9    273.5      0.0    210.2     98.2     92.8    321.9
    23     1    15     4    20    22     0     2    -2.0   68.750 -132.511    110.2    957.8    276.8    273.4      0.0    308.2     98.9     90.0    317.0
    24     1    15     4    20    22     0     2    -2.0   68.912 -133.306      0.0    963.8    276.6    273.7      0.0    213.9     98.0    147.6    325.0
    25     1    15     4    20    22     0     2    -2.0   68.907 -133.056    151.5    950.6    277.0    273.0      0.0    246.9     98.8    104.1    219.4
    26     1    15     4    20    22     0     2    -2.0   68.820 -132.556    110.0    960.8    276.6    273.4      0.0    250.3     98.8     59.8    304.8
    27     1    15     4    20    22     0     2    -2.0   68.904 -133.394    154.8    951.6    277.0    273.1      0.0    289.5     97.7     99.5    201.5
     1     1    15     4    20    21     0     3    -3.0   68.761 -132.278    176.2    974.0    275.8    273.7      0.0    265.2     99.3    140.2    322.4
     2     1    15     4    20    21     0     3    -3.0   68.775 -131.275    115.4    989.6    274.8    274.0      0.0    339.0     97.0     73.0    368.5
     3     1    15     4    20    21     0     3    -3.0   68.890 -133.054     77.9    986.5    275.2    274.1      0.0    252.2     99.4    135.7    303.4
     4     1    15     4    20    21     0     3    -3.0   68.755 -132.151    175.4    968.5    276.2    273.6      0.0    332.0     99.6    186.3    333.1
     5     1    15     4    20    21     0     3    -3.0   68.781 -131.241    105.4    993.1    274.6    274.1      0.0    396.5     94.9     54.7    380.1
     6     1    15     4    20    21     0     3    -3.0   68.780 -132.891    274.2    950.7    276.6    272.6      0.0    284.1     98.9    235.4    302.5
     7     1    15     4    20    21     0     3    -3.0   68.815 -132.397    116.9    989.1    275.0    274.1      0.0    214.0     99.1     75.3    316.8
     8     1    15     4    20    21     0     3    -3.0   68.776 -131.371    141.8    984.6    275.1    273.8      0.0    341.7     99.0     87.3    333.4
     9     1    15     4    20    21     0     3    -3.0   68.788 -133.116    134.2    979.4    275.3    273.6      0.0    321.0     99.3    136.9    231.6
    10     1    15     4    20    21     0     3    -3.0   69.014 -132.452    309.8    997.4    274.7    274.5      0.0    240.4    100.0     64.6    312.6
    11     1    15     4    20    21     0     3    -3.0   69.006 -131.805    264.0   1003.9    274.0    274.3      0.0    365.8     98.0     58.1    337.8
    12     1    15     4    20    21     0     3    -3.0   69.069 -133.149    294.5    994.3    274.8    274.4      0.0    252.8     99.9    104.0    286.9
    13     1    15     4    20    21     0     3    -3.0   68.956 -132.284    348.1    984.0    275.5    274.2      0.0    310.7     99.5    134.2    338.2
    14     1    15     4    20    21     0     3    -3.0   69.013 -131.768    261.9   1006.0    273.9    274.4      0.0    329.3     95.0     43.3    348.7
    15     1    15     4    20    21     0     3    -3.0   68.962 -132.985    415.9    971.4    275.9    273.6      0.0    240.0     98.1    170.0    337.0
    16     1    15     4    20    21     0     3    -3.0   69.056 -132.662    293.9    999.0    274.4    274.4      0.0    229.5     99.6     67.8    289.0
    17     1    15     4    20    21     0     3    -3.0   69.000 -131.861    276.5   1002.3    274.0    274.2      0.0    390.0     98.7     58.5    310.7
    18     1    15     4    20    21     0     3    -3.0   69.083 -133.262    278.5    994.4    274.7    274.2      0.0    349.0     99.8    118.9    199.4
    19     1    15     4    20    21     0     3    -3.0   68.606 -132.761    100.7    956.9    276.1    272.6      0.0    226.5     99.1    108.2    327.3
    20     1    15     4    20    21     0     3    -3.0   68.451 -132.062    144.7    949.5    276.7    272.6      0.0    288.9     99.3    127.2    318.7
    21     1    15     4    20    21     0     3    -3.0   68.656 -133.258     99.1    947.6    277.4    273.2      0.0    289.5     93.6    188.4    277.1
    22     1    15     4    20    21     0     3    -3.0   68.523 -132.624    182.6    933.8    277.2    271.8      0.0    301.1     98.6    222.6    319.9
    23     1    15     4    20    21     0     3    -3.0   68.397 -131.973    111.8    950.9    276.7    272.8      0.0    335.7     99.2    148.0    359.2
    24     1    15     4    20    21     0     3    -3.0   68.634 -133.032     93.0    938.6    277.7    272.7      0.0    298.8     95.0    271.4    286.2
    25     1    15     4    20    21     0     3    -3.0   68.632 -132.831    149.0    949.8    276.5    272.4      0.0    279.7     98.8    119.2    249.3
    26     1    15     4    20    21     0     3    -3.0   68.510 -132.086    121.1    960.4    276.1    272.9      0.0    227.6     99.6     58.6    311.9
    27     1    15     4    20    21     0     3    -3.0   68.605 -133.257    176.9    947.7    277.6    273.3      0.0    307.7     92.3    108.9    243.7
     1     1    15     4    20    20     0     2    -4.0   68.454 -131.865    218.2    954.9    276.4    272.8      0.0    367.7     99.7    258.3    248.4
     2     1    15     4    20    20     0     2    -4.0   68.533 -130.573    130.2    986.1    275.0    273.9      0.0    451.1     94.3     86.0    313.9
     3     1    15     4    20    20     0     2    -4.0   68.671 -132.798     91.8    972.4    275.7    273.5      0.0    303.1     98.6    239.7    246.8
     4     1    15     4    20    20     0     2    -4.0   68.435 -131.635    203.9    955.9    276.6    273.0      0.0    395.3     99.5    262.4    260.9
     5     1    15     4    20    20     0     2    -4.0   68.503 -130.492    160.2    977.7    275.2    273.4      0.0    473.2     93.2    127.2    330.1
     6     1    15     4    20    20     0     2    -4.0   68.489 -132.592    293.6    941.8    276.9    272.1      0.0    330.1     98.4    292.4    207.3
     7     1    15     4    20    20     0     2    -4.0   68.563 -132.016    203.3    970.4    275.7    273.4      0.0    271.8     98.7    145.0    279.0
     8     1    15     4    20    20     0     2    -4.0   68.533 -130.670    133.9    985.4    275.1    274.0      0.0    393.1     96.6     70.5    309.9
     9     1    15     4    20    20     0     2    -4.0   68.527 -132.895    208.3    965.0    276.0    273.2      0.0    312.5     98.1    183.8    237.8
    10     1    15     4    20    20     0     2    -4.0   68.809 -131.931    362.9    977.4    275.6    273.8      0.0    356.0     99.2    173.3    260.4
    11     1    15     4    20    20     0     2    -4.0   68.867 -131.132    271.8   1004.1    274.0    274.3      0.0    353.1     94.8     41.3    282.7
    12     1    15     4    20    20     0     2    -4.0   68.895 -132.907    294.0    989.5    275.0    274.2      0.0    279.2     99.0    145.9    266.0
    13     1    15     4    20    20     0     2    -4.0   68.707 -131.735    369.9    974.7    275.8    273.8      0.0    395.9     98.7    182.2    281.8
    14     1    15     4    20    20     0     2    -4.0   68.879 -131.128    276.1   1004.3    274.1    274.4      0.0    415.2     93.2     44.1    288.5
    15     1    15     4    20    20     0     2    -4.0   68.669 -132.682    521.7    946.4    276.6    272.3      0.0    332.4     98.8    273.5    228.4
    16     1    15     4    20    20     0     2    -4.0   68.886 -132.164    319.9    994.6    274.7    274.3      0.0    272.4     98.7     79.6    260.6
    17     1    15     4    20    20     0     2    -4.0   68.845 -131.157    285.8    999.4    274.3    274.3      0.0    364.7     96.4     60.4    272.2
    18     1    15     4    20    20     0     2    -4.0   68.939 -133.051    307.4    987.1    274.8    273.8      0.0    334.6     99.9    151.5    183.4
    19     1    15     4    20    20     0     2    -4.0   68.296 -132.544    181.0    934.5    278.6    273.2      0.0    294.7     90.5    220.5    256.8
    20     1    15     4    20    20     0     2    -4.0   68.097 -131.643    197.7    931.5    277.5    272.0      0.0    378.0     98.1    226.7    257.0
    21     1    15     4    20    20     0     2    -4.0   68.349 -133.111    143.9    937.2    278.8    273.6      0.0    284.2     87.8    234.6    230.9
    22     1    15     4    20    20     0     2    -4.0   68.193 -132.332    193.4    927.4    279.3    273.4      0.0    348.5     88.4    269.3    224.6
    23     1    15     4    20    20     0     2    -4.0   68.030 -131.445     63.4    946.2    276.9    272.5      0.0    409.5     99.4    237.9    283.7
    24     1    15     4    20    20     0     2    -4.0   68.344 -132.844    152.5    930.0    279.9    274.2      0.0    286.8     83.5    287.5    203.0
    25     1    15     4    20    20     0     2    -4.0   68.336 -132.700     96.2    951.8    276.6    272.7      0.0    300.6     97.2    158.2    236.4
    26     1    15     4    20    20     0     2    -4.0   68.182 -131.717    161.5    942.5    276.8    272.2      0.0    322.7     98.9    172.0    263.5
    27     1    15     4    20    20     0     2    -4.0   68.291 -133.181    215.9    941.6    278.5    273.7      0.0    295.8     88.5    124.9    215.6
     1     1    15     4    20    19     0     1    -5.0   68.135 -131.404    278.3    946.6    276.8    272.5      0.0    362.9     98.7    265.4    177.0
     2     1    15     4    20    19     0     1    -5.0   68.216 -129.803    175.6    969.5    275.3    272.8      0.0    461.6     96.4    174.0    201.7
     3     1    15     4    20    19     0     1    -5.0   68.416 -132.529    135.3    958.6    275.9    272.6      0.0    317.0     98.9    308.1    170.0
     4     1    15     4    20    19     0     1    -5.0   68.139 -131.046    142.9    961.9    276.3    273.3      0.0    341.4     99.2    265.6    199.4
     5     1    15     4    20    19     0     1    -5.0   68.142 -129.669    283.3    950.9    275.6    271.6      0.0    492.2     98.9    224.4    153.2
     6     1    15     4    20    19     0     1    -5.0   68.237 -132.239    199.2    962.3    275.8    272.8      0.0    282.5     99.3    211.5    167.8
     7     1    15     4    20    19     0     1    -5.0   68.246 -131.670    318.8    942.3    276.9    272.3      0.0    356.1     97.5    261.9    187.4
     8     1    15     4    20    19     0     1    -5.0   68.256 -129.990    148.6    977.2    275.2    273.4      0.0    442.9     96.4    141.9    227.6
     9     1    15     4    20    19     0     1    -5.0   68.247 -132.692    263.4    956.0    276.1    272.6      0.0    283.2     98.0    202.1    179.8
    10     1    15     4    20    19     0     1    -5.0   68.520 -131.394    434.4    959.5    276.2    273.0      0.0    418.0     99.6    249.3    193.5
    11     1    15     4    20    19     0     1    -5.0   68.703 -130.495    304.7    997.6    274.4    274.2      0.0    456.4     92.0     68.9    214.9
    12     1    15     4    20    19     0     1    -5.0   68.667 -132.648    340.9    970.2    275.6    273.2      0.0    327.9     98.5    254.2    193.3
    13     1    15     4    20    19     0     1    -5.0   68.439 -131.139    317.2    977.1    275.5    273.7      0.0    406.4     99.1    220.0    221.1
    14     1    15     4    20    19     0     1    -5.0   68.679 -130.442    333.3    989.2    274.7    273.8      0.0    517.8     90.7    108.3    224.7
    15     1    15     4    20    19     0     1    -5.0   68.388 -132.321    450.2    957.1    275.9    272.5      0.0    314.0     99.1    252.5    170.0
    16     1    15     4    20    19     0     1    -5.0   68.641 -131.683    407.2    970.4    275.7    273.3      0.0    372.0     99.1    187.5    203.7
    17     1    15     4    20    19     0     1    -5.0   68.680 -130.496    296.4   1000.1    274.2    274.2      0.0    395.8     95.2     51.1    215.1
    18     1    15     4    20    19     0     1    -5.0   68.742 -132.872    346.6    980.1    275.1    273.5      0.0    331.2     99.1    167.8    183.7
    19     1    15     4    20    19     0     1    -5.0   67.975 -132.402    251.6    915.8    282.5    275.5      0.0    333.7     72.0    311.2    171.7
    20     1    15     4    20    19     0     1    -5.0   67.745 -131.317    275.6    917.7    280.5    273.7      0.0    381.2     83.7    268.4    182.1
    21     1    15     4    20    19     0     1    -5.0   68.079 -132.956    164.8    937.2    278.9    273.7      0.0    230.6     87.0    211.6    170.0
    22     1    15     4    20    19     0     1    -5.0   67.883 -132.056    193.1    931.6    280.0    274.4      0.0    319.3     82.9    230.2    170.7
    23     1    15     4    20    19     0     1    -5.0   67.693 -130.830      0.0    953.3    276.6    272.9      0.0    349.8     99.1    244.3    200.2
    24     1    15     4    20    19     0     1    -5.0   68.107 -132.651     95.4    943.4    278.2    273.6      0.0    231.8     89.9    229.4    162.2
    25     1    15     4    20    19     0     1    -5.0   68.033 -132.529     77.7    940.7    277.0    272.2      0.0    328.8     97.5    268.9    194.2
    26     1    15     4    20    19     0     1    -5.0   67.827 -131.362    189.6    928.3    278.7    272.8      0.0    384.5     91.9    264.2    185.7
    27     1    15     4    20    19     0     1    -5.0   68.012 -133.096    226.6    939.9    278.6    273.7      0.0    282.0     88.5    126.7    156.2
     1     1    15     4    20    18     0     0    -6.0   67.820 -130.921    309.0    943.0    277.7    273.1      0.0    323.6     97.1    265.1    120.0
     2     1    15     4    20    18     0     0    -6.0   67.908 -128.976    177.9    964.6    275.2    272.4      0.0    465.8     97.0    214.6     82.2
     3     1    15     4    20    18     0     0    -6.0   68.188 -132.272    118.3    966.7    275.5    272.9      0.0    268.2     99.0    256.4    131.2
     4     1    15     4    20    18     0     0    -6.0   67.917 -130.505     68.2    972.2    275.8    273.6      0.0    321.3     99.5    261.8     97.6
     5     1    15     4    20    18     0     0    -6.0   67.826 -128.844    210.6    964.0    275.0    272.2      0.0    502.4     94.9    186.5     99.4
     6     1    15     4    20    18     0     0    -6.0   68.011 -131.829    189.3    972.2    275.6    273.3      0.0    264.8     99.1    140.7    141.0
     7     1    15     4    20    18     0     0    -6.0   67.933 -131.285    264.2    948.9    276.7    272.6      0.0    332.8     96.8    259.6    137.1
     8     1    15     4    20    18     0     0    -6.0   67.965 -129.203    118.8    974.5    275.0    273.0      0.0    423.0     97.3    191.4     97.8
     9     1    15     4    20    18     0     0    -6.0   68.011 -132.525    257.5    958.0    275.7    272.4      0.0    226.0     99.4    189.9    127.2
    10     1    15     4    20    18     0     0    -6.0   68.210 -130.792    405.4    959.8    276.1    272.9      0.0    375.0     99.0    274.8    125.9
    11     1    15     4    20    18     0     0    -6.0   68.432 -129.750    400.3    974.0    275.0    273.0      0.0    524.8     92.5    163.1    120.8
    12     1    15     4    20    18     0     0    -6.0   68.398 -132.361    376.8    960.4    275.7    272.6      0.0    322.0     98.9    297.0    129.5
    13     1    15     4    20    18     0     0    -6.0   68.215 -130.517    283.0    980.2    275.2    273.6      0.0    357.4     98.8    228.7    108.3
    14     1    15     4    20    18     0     0    -6.0   68.342 -129.639    509.2    950.7    275.2    271.3      0.0    570.5     97.9    246.2    100.1
    15     1    15     4    20    18     0     0    -6.0   68.146 -131.903    440.4    968.0    275.6    273.1      0.0    284.4     99.1    172.5    139.2
    16     1    15     4    20    18     0     0    -6.0   68.322 -131.190    448.7    956.3    276.1    272.5      0.0    409.9     99.3    260.5    132.8
    17     1    15     4    20    18     0     0    -6.0   68.457 -129.828    354.2    985.9    274.8    273.7      0.0    480.5     92.3    112.9    128.0
    18     1    15     4    20    18     0     0    -6.0   68.483 -132.691    392.9    965.9    275.5    272.8      0.0    344.6     98.5    236.4    149.1
    19     1    15     4    20    18     0     0    -6.0   67.701 -132.270    240.3    923.0    281.5    275.1      0.0    271.5     76.0    258.2    131.3
    20     1    15     4    20    18     0     0    -6.0   67.452 -131.125    303.2    912.2    282.3    275.0      0.0    341.1     72.3    290.2    120.0
    21     1    15     4    20    18     0     0    -6.0   67.850 -132.805    166.8    937.2    279.1    274.0      0.0    225.9     85.2    208.7    127.2
    22     1    15     4    20    18     0     0    -6.0   67.636 -131.822    218.7    935.1    280.6    275.3      0.0    286.5     77.4    176.5    137.4
    23     1    15     4    20    18     0     0    -6.0   67.403 -130.289      0.0    958.7    276.5    273.2      0.0    322.2     99.4    221.3     94.8
    24     1    15     4    20    18     0     0    -6.0   67.919 -132.404      0.0    965.5    275.6    272.9      0.0    225.2     98.7    194.2    147.1
    25     1    15     4    20    18     0     0    -6.0   67.746 -132.336     84.5    941.4    277.0    272.2      0.0    283.1     96.9    255.1    132.0
    26     1    15     4    20    18     0     0    -6.0   67.490 -131.061    208.9    926.7    280.5    274.5      0.0    346.0     80.6    257.6    136.2
    27     1    15     4    20    18     0     0    -6.0   67.761 -133.005    211.4    941.6    278.6    273.8      0.0    268.9     87.1    126.5    103.8
     1     1    15     4    20    17     0     1    -7.0   67.541 -130.480    367.8    936.4    278.0    272.8      0.0    307.6     98.4    269.5     75.7
     2     1    15     4    20    17     0     1    -7.0   67.634 -128.223    155.3    968.5    275.4    272.9      0.0    518.9     93.0    204.4     82.1
     3     1    15     4    20    17     0     1    -7.0   68.035 -132.024     23.4    986.0    274.8    273.7      0.0    228.8     99.5    178.0    105.6
     4     1    15     4    20    17     0     1    -7.0   67.782 -130.100     27.7    985.4    275.2    274.0      0.0    335.0     99.2    198.5     69.4
     5     1    15     4    20    17     0     1    -7.0   67.494 -128.016    243.0    949.0    275.7    271.6      0.0    578.6     95.9    265.3     93.0
     6     1    15     4    20    17     0     1    -7.0   67.790 -131.395    193.2    957.9    276.7    273.3      0.0    258.7     97.8    253.4     91.3
     7     1    15     4    20    17     0     1    -7.0   67.665 -130.855    260.2    958.4    276.9    273.5      0.0    294.0     94.9    191.6    104.1
     8     1    15     4    20    17     0     1    -7.0   67.716 -128.474    111.3    974.9    275.2    273.2      0.0    459.4     95.5    181.5     67.5
     9     1    15     4    20    17     0     1    -7.0   67.800 -132.335    249.0    958.1    276.3    273.0      0.0    240.4     96.6    185.1     96.7
    10     1    15     4    20    17     0     1    -7.0   67.967 -130.212    345.3    967.9    275.9    273.4      0.0    325.9     99.2    262.4     86.1
    11     1    15     4    20    17     0     1    -7.0   68.084 -128.931    484.2    957.1    275.1    271.7      0.0    542.1     97.8    206.2     68.5
    12     1    15     4    20    17     0     1    -7.0   68.186 -132.062    307.3    977.6    275.2    273.4      0.0    267.3     99.3    210.9    103.3
    13     1    15     4    20    17     0     1    -7.0   68.074 -130.040    268.5    989.1    274.7    273.9      0.0    347.4     98.4    173.2     74.4
    14     1    15     4    20    17     0     1    -7.0   68.000 -128.822    483.4    961.2    274.9    271.8      0.0    561.9     95.6    191.4     77.5
    15     1    15     4    20    17     0     1    -7.0   67.909 -131.454    436.0    963.9    276.4    273.5      0.0    272.9     97.7    213.2     97.6
    16     1    15     4    20    17     0     1    -7.0   68.010 -130.662    516.7    943.2    277.2    272.6      0.0    348.7     99.0    308.6     90.7
    17     1    15     4    20    17     0     1    -7.0   68.154 -129.030    429.0    968.1    275.1    272.5      0.0    511.9     96.4    168.5     77.6
    18     1    15     4    20    17     0     1    -7.0   68.226 -132.463    422.3    963.0    275.6    272.6      0.0    278.9     99.1    215.6    103.9
    19     1    15     4    20    17     0     1    -7.0   67.490 -132.094    125.6    943.5    278.6    274.0      0.0    223.4     87.6    181.2    104.0
    20     1    15     4    20    17     0     1    -7.0   67.221 -130.985    341.8    914.1    281.8    274.6      0.0    311.4     77.0    241.7     95.4
    21     1    15     4    20    17     0     1    -7.0   67.644 -132.694    161.2    939.0    279.9    274.9      0.0    240.4     81.0    193.6    100.9
    22     1    15     4    20    17     0     1    -7.0   67.439 -131.597    230.0    932.7    280.4    274.9      0.0    271.5     81.1    189.5    102.6
    23     1    15     4    20    17     0     1    -7.0   67.114 -129.791     40.3    950.8    277.2    273.2      0.0    371.0     98.9    225.1     59.9
    24     1    15     4    20    17     0     1    -7.0   67.731 -132.062     14.0    951.3    278.2    274.2      0.0    237.7     88.9    236.5    108.8
    25     1    15     4    20    17     0     1    -7.0   67.516 -132.135     73.7    945.2    276.8    272.4      0.0    243.2     98.2    217.4     93.1
    26     1    15     4    20    17     0     1    -7.0   67.224 -130.827    252.1    928.0    280.7    274.7      0.0    304.1     79.9    210.7    102.2
    27     1    15     4    20    17     0     1    -7.0   67.526 -132.942    167.3    946.8    278.9    274.6      0.0    242.3     83.5    111.2     83.6
     1     1    15     4    20    16     0     2    -8.0   67.288 -130.069    384.6    937.6    277.9    272.9      0.0    310.9     99.2    239.1     47.8
     2     1    15     4    20    16     0     2    -8.0   67.302 -127.432    217.5    951.4    275.8    271.9      0.0    585.2     95.9    281.6     62.8
     3     1    15     4    20    16     0     2    -8.0   67.956 -131.794      0.0    990.7    274.6    273.9      0.0    240.3     98.8    165.4     71.8
     4     1    15     4    20    16     0     2    -8.0   67.617 -129.650    103.1    970.1    276.0    273.7      0.0    390.1     98.7    245.8     41.7
     5     1    15     4    20    16     0     2    -8.0   67.115 -127.176    313.5    940.1    275.6    270.8      0.0    614.1     99.0    277.1     66.1
     6     1    15     4    20    16     0     2    -8.0   67.602 -130.981    118.0    977.5    275.8    274.0      0.0    235.6     97.5    164.0     59.5
     7     1    15     4    20    16     0     2    -8.0   67.418 -130.403    245.4    956.9    277.0    273.6      0.0    273.3     96.6    213.4     66.5
     8     1    15     4    20    16     0     2    -8.0   67.462 -127.814    119.5    973.5    275.6    273.5      0.0    521.0     92.4    195.8     59.1
     9     1    15     4    20    16     0     2    -8.0   67.598 -132.050    244.1    958.1    276.7    273.3      0.0    258.1     95.5    203.1     69.2
    10     1    15     4    20    16     0     2    -8.0   67.819 -129.762    262.9    983.7    275.2    273.9      0.0    339.2     98.5    220.3     50.3
    11     1    15     4    20    16     0     2    -8.0   67.778 -128.135    442.0    962.7    275.3    272.3      0.0    584.9     94.0    215.7     60.7
    12     1    15     4    20    16     0     2    -8.0   68.074 -131.800    248.3    989.9    274.6    273.9      0.0    255.2     98.9    171.8     70.8
    13     1    15     4    20    16     0     2    -8.0   67.927 -129.564    296.8    983.3    275.1    273.8      0.0    400.7     97.3    185.6     48.9
    14     1    15     4    20    16     0     2    -8.0   67.665 -128.004    467.5    955.1    275.2    271.6      0.0    637.0     94.5    244.2     65.8
    15     1    15     4    20    16     0     2    -8.0   67.699 -131.019    416.3    968.2    276.3    273.7      0.0    247.6     98.0    192.4     58.3
    16     1    15     4    20    16     0     2    -8.0   67.723 -130.165    527.4    946.5    277.4    273.0      0.0    311.4     98.5    267.5     62.3
    17     1    15     4    20    16     0     2    -8.0   67.861 -128.243    377.1    974.3    275.1    273.1      0.0    535.4     93.4    179.7     51.9
    18     1    15     4    20    16     0     2    -8.0   68.020 -132.157    430.7    962.9    275.6    272.6      0.0    262.3     99.5    215.1     64.2
    19     1    15     4    20    16     0     2    -8.0   67.302 -131.774      0.0    960.0    276.7    273.4      0.0    241.8     95.7    202.9     72.5
    20     1    15     4    20    16     0     2    -8.0   67.037 -130.840    405.3    910.3    282.6    275.1      0.0    289.7     76.1    208.7     65.7
    21     1    15     4    20    16     0     2    -8.0   67.463 -132.617    145.7    942.0    280.2    275.4      0.0    245.0     79.7    190.7     71.3
    22     1    15     4    20    16     0     2    -8.0   67.270 -131.401    283.9    917.7    281.7    274.8      0.0    253.7     80.6    260.4     63.1
    23     1    15     4    20    16     0     2    -8.0   66.791 -129.269     93.3    937.9    278.1    273.0      0.0    399.7     99.3    275.9     39.2
    24     1    15     4    20    16     0     2    -8.0   67.575 -131.783    143.7    925.5    281.4    275.2      0.0    226.7     79.4    328.4     65.0
    25     1    15     4    20    16     0     2    -8.0   67.327 -131.887     46.6    950.1    277.2    273.2      0.0    254.4     95.0    214.5     66.6
    26     1    15     4    20    16     0     2    -8.0   67.023 -130.598    288.0    928.2    280.5    274.6      0.0    283.0     83.3    169.3     72.0
    27     1    15     4    20    16     0     2    -8.0   67.324 -132.892    124.1    951.5    278.8    274.8      0.0    183.2     83.3    124.1     70.7
     1     1    15     4    20    15     0     3    -9.0   67.050 -129.566    432.1    924.6    279.1    272.9      0.0    337.4     99.2    300.2     31.9
     2     1    15     4    20    15     0     3    -9.0   66.944 -126.604    263.8    946.9    275.7    271.4      0.0    631.8     97.4    276.2     39.1
     3     1    15     4    20    15     0     3    -9.0   67.873 -131.495     49.6    983.7    275.4    274.1      0.0    264.8     95.7    186.0     38.0
     4     1    15     4    20    15     0     3    -9.0   67.372 -129.057    126.3    967.6    276.2    273.7      0.0    434.8     99.5    241.7     24.2
     5     1    15     4    20    15     0     3    -9.0   66.734 -126.341    381.9    930.2    276.0    270.4      0.0    652.6     98.8    298.6     43.7
     6     1    15     4    20    15     0     3    -9.0   67.485 -130.623     89.7    982.0    275.6    274.2      0.0    263.8     96.4    160.4     32.2
     7     1    15     4    20    15     0     3    -9.0   67.202 -129.958    216.8    962.8    276.6    273.6      0.0    248.2     98.9    191.5     31.7
     8     1    15     4    20    15     0     3    -9.0   67.152 -127.068    178.7    956.5    276.1    272.6      0.0    567.2     94.3    281.4     34.4
     9     1    15     4    20    15     0     3    -9.0   67.417 -131.661    246.9    956.5    277.1    273.6      0.0    259.7     94.5    213.7     34.7
    10     1    15     4    20    15     0     3    -9.0   67.709 -129.385    293.7    982.4    275.4    274.0      0.0    359.7     98.0    200.5     30.9
    11     1    15     4    20    15     0     3    -9.0   67.426 -127.335    486.8    949.4    275.6    271.5      0.0    649.2     96.4    279.8     39.2
    12     1    15     4    20    15     0     3    -9.0   67.994 -131.522    284.4    991.1    274.9    274.2      0.0    277.4     95.3    140.1     39.5
    13     1    15     4    20    15     0     3    -9.0   67.719 -129.005    320.9    978.5    275.6    273.9      0.0    500.2     95.8    205.2     31.0
    14     1    15     4    20    15     0     3    -9.0   67.290 -127.179    512.3    946.6    275.3    271.0      0.0    655.4     97.8    277.1     40.0
    15     1    15     4    20    15     0     3    -9.0   67.537 -130.576    408.5    971.8    276.2    274.0      0.0    276.1     97.0    173.5     31.5
    16     1    15     4    20    15     0     3    -9.0   67.458 -129.703    566.7    940.7    277.9    273.1      0.0    313.5     99.5    274.4     27.7
    17     1    15     4    20    15     0     3    -9.0   67.572 -127.518    390.9    966.8    275.8    273.1      0.0    607.8     90.7    231.0     40.0
    18     1    15     4    20    15     0     3    -9.0   67.845 -131.773    413.2    967.0    275.7    273.0      0.0    260.9     99.1    207.1     32.0
    19     1    15     4    20    15     0     3    -9.0   67.131 -131.388     95.1    935.9    279.5    274.2      0.0    233.8     87.7    292.8     34.1
    20     1    15     4    20    15     0     3    -9.0   66.909 -130.814    507.5    897.0    285.0    276.3      0.0    269.4     67.3    222.0     36.1
    21     1    15     4    20    15     0     3    -9.0   67.316 -132.529    125.9    944.7    279.9    275.3      0.0    231.6     81.8    186.7     37.7
    22     1    15     4    20    15     0     3    -9.0   67.132 -131.300    338.0    910.7    283.1    275.6      0.0    233.8     76.4    270.1     33.3
    23     1    15     4    20    15     0     3    -9.0   66.486 -128.592      5.6    956.8    277.2    273.8      0.0    344.7     98.8    205.2     25.1
    24     1    15     4    20    15     0     3    -9.0   67.471 -131.772    302.6    905.9    285.2    277.3      0.0    211.2     64.4    348.1     32.5
    25     1    15     4    20    15     0     3    -9.0   67.147 -131.531      8.1    955.4    277.1    273.5      0.0    263.3     95.0    214.0     32.0
    26     1    15     4    20    15     0     3    -9.0   66.856 -130.400    350.5    913.4    282.1    274.8      0.0    262.5     81.0    233.3     36.6
    27     1    15     4    20    15     0     3    -9.0   67.163 -132.851     87.7    955.7    278.5    274.9      0.0    143.6     84.5    131.6     39.2
     1     1    15     4    20    14     0     2   -10.0   66.825 -129.057    426.4    931.0    279.5    273.8      0.0    312.2     95.7    247.5     28.8
     2     1    15     4    20    14     0     2   -10.0   66.581 -125.755    361.3    930.9    276.3    270.7      0.0    642.7     98.9    322.5     27.5
     3     1    15     4    20    14     0     2   -10.0   67.730 -131.060    117.2    963.3    276.1    273.2      0.0    260.2     98.5    285.9     23.8
     4     1    15     4    20    14     0     2   -10.0   67.145 -128.389    111.4    970.4    276.0    273.6      0.0    431.4     97.4    241.4     17.5
     5     1    15     4    20    14     0     2   -10.0   66.342 -125.510    430.3    924.8    276.1    270.0      0.0    649.5     98.8    289.8     23.3
     6     1    15     4    20    14     0     2   -10.0   67.312 -130.081    274.2    949.3    277.7    273.5      0.0    280.7     97.3    253.1     28.4
     7     1    15     4    20    14     0     2   -10.0   67.012 -129.435    289.9    954.6    277.2    273.5      0.0    289.6     98.2    177.0     21.2
     8     1    15     4    20    14     0     2   -10.0   66.815 -126.246    207.6    951.2    275.9    272.0      0.0    555.6     97.3    301.5     24.7
     9     1    15     4    20    14     0     2   -10.0   67.285 -131.321    327.2    945.6    279.0    274.5      0.0    192.3     87.2    233.4     25.1
    10     1    15     4    20    14     0     2   -10.0   67.505 -128.850    373.5    963.6    276.1    273.2      0.0    470.9     99.4    268.7     16.1
    11     1    15     4    20    14     0     2   -10.0   67.050 -126.507    542.4    943.9    275.6    271.1      0.0    605.9     97.9    276.5     26.7
    12     1    15     4    20    14     0     2   -10.0   67.857 -131.109    348.2    973.0    275.7    273.5      0.0    276.0     97.6    219.9     25.1
    13     1    15     4    20    14     0     2   -10.0   67.478 -128.356    329.5    971.6    275.8    273.6      0.0    502.1     93.8    255.7     21.1
    14     1    15     4    20    14     0     2   -10.0   66.923 -126.345    509.2    944.7    275.4    270.9      0.0    640.5     97.6    304.5     31.2
    15     1    15     4    20    14     0     2   -10.0   67.342 -130.020    567.3    941.2    278.4    273.6      0.0    292.5     96.7    278.0     27.9
    16     1    15     4    20    14     0     2   -10.0   67.213 -129.182    522.6    948.3    277.5    273.3      0.0    335.2     98.7    249.7     20.5
    17     1    15     4    20    14     0     2   -10.0   67.221 -126.722    480.6    948.7    275.7    271.6      0.0    594.1     97.5    290.9     25.3
    18     1    15     4    20    14     0     2   -10.0   67.682 -131.324    377.0    968.4    275.7    273.2      0.0    234.4     98.1    240.1     22.0
    19     1    15     4    20    14     0     2   -10.0   67.009 -131.255    251.1    909.8    284.3    276.7      0.0    228.7     70.2    372.1     21.4
    20     1    15     4    20    14     0     2   -10.0   66.815 -130.930    589.2    885.6    286.4    276.6      0.0    274.7     62.4    240.8     24.2
    21     1    15     4    20    14     0     2   -10.0   67.195 -132.444    112.9    947.3    279.7    275.4      0.0    174.5     82.6    167.0     27.8
    22     1    15     4    20    14     0     2   -10.0   67.022 -131.280    335.7    909.4    284.3    276.6      0.0    230.9     71.5    290.4     21.5
    23     1    15     4    20    14     0     2   -10.0   66.194 -127.802     32.2    949.7    277.5    273.4      0.0    416.6     98.6    236.5     22.7
    24     1    15     4    20    14     0     2   -10.0   67.398 -132.021    405.4    900.8    286.5    278.1      0.0    202.6     56.9    301.2     22.5
    25     1    15     4    20    14     0     2   -10.0   66.995 -131.170    110.2    933.2    280.4    274.9      0.0    233.6     83.6    309.0     21.4
    26     1    15     4    20    14     0     2   -10.0   66.731 -130.362    425.5    901.5    284.9    276.6      0.0    262.1     68.6    263.3     23.1
    27     1    15     4    20    14     0     2   -10.0   67.037 -132.826     49.3    959.7    278.3    275.1      0.0     93.0     85.0    138.5     26.5
     1     1    15     4    20    13     0     1   -11.0   66.610 -128.642    407.3    942.8    278.9    274.2      0.0    280.3     95.7    167.5     18.6
     2     1    15     4    20    13     0     1   -11.0   66.202 -124.918    415.3    926.3    276.3    270.4      0.0    601.3     99.2    297.8     10.2
     3     1    15     4    20    13     0     1   -11.0   67.581 -130.626     43.9    981.0    274.9    273.4      0.0    252.2     97.3    216.1     10.8
     4     1    15     4    20    13     0     1   -11.0   66.901 -127.628     99.4    964.1    276.0    273.1      0.0    503.8     98.7    294.3     10.0
     5     1    15     4    20    13     0     1   -11.0   65.985 -124.697    431.8    925.1    276.4    270.3      0.0    530.6     98.0    287.6      8.1
     6     1    15     4    20    13     0     1   -11.0   67.125 -129.508    235.2    963.8    276.9    273.9      0.0    264.4     95.4    166.4     18.7
     7     1    15     4    20    13     0     1   -11.0   66.819 -128.937    398.6    932.4    279.0    273.5      0.0    281.1     96.6    269.9     14.5
     8     1    15     4    20    13     0     1   -11.0   66.495 -125.407    239.2    945.4    275.9    271.5      0.0    595.0     98.6    317.5     13.3
     9     1    15     4    20    13     0     1   -11.0   67.185 -131.175    413.0    937.2    281.9    276.7      0.0    159.5     75.7    215.7     12.9
    10     1    15     4    20    13     0     1   -11.0   67.254 -128.207    338.4    972.9    275.7    273.5      0.0    473.9     96.5    237.5      8.8
    11     1    15     4    20    13     0     1   -11.0   66.668 -125.659    612.3    930.3    276.2    270.6      0.0    632.7     98.6    318.9     14.2
    12     1    15     4    20    13     0     1   -11.0   67.698 -130.661    327.7    975.1    275.3    273.3      0.0    272.1     97.9    226.0     11.0
    13     1    15     4    20    13     0     1   -11.0   67.198 -127.583    366.5    959.9    275.9    272.7      0.0    532.7     96.8    309.9     11.3
    14     1    15     4    20    13     0     1   -11.0   66.573 -125.500    486.8    948.8    275.1    271.0      0.0    652.6     98.8    278.6     13.7
    15     1    15     4    20    13     0     1   -11.0   67.141 -129.492    540.2    956.3    277.7    274.2      0.0    268.9     94.5    172.2     18.3
    16     1    15     4    20    13     0     1   -11.0   66.972 -128.596    554.3    937.7    278.1    273.0      0.0    334.7     98.9    307.3     11.3
    17     1    15     4    20    13     0     1   -11.0   66.860 -125.887    505.3    946.0    275.8    271.4      0.0    553.6     97.7    293.6     13.2
    18     1    15     4    20    13     0     1   -11.0   67.526 -130.850    501.3    939.4    277.4    272.5      0.0    240.5     97.0    352.3     10.8
    19     1    15     4    20    13     0     1   -11.0   66.930 -131.478    358.1    903.5    287.1    278.8      0.0    220.6     55.3    319.1     11.0
    20     1    15     4    20    13     0     1   -11.0   66.730 -131.194    650.8    875.7    287.3    276.6      0.0    266.1     58.9    276.4     11.9
    21     1    15     4    20    13     0     1   -11.0   67.087 -132.398    108.3    949.1    279.7    275.6      0.0    129.6     82.8    162.9     15.1
    22     1    15     4    20    13     0     1   -11.0   66.936 -131.316    326.6    910.0    284.9    277.3      0.0    228.3     68.7    291.0     11.0
    23     1    15     4    20    13     0     1   -11.0   65.919 -126.938      0.0    957.4    276.7    273.2      0.0    474.9     99.1    242.0     11.0
    24     1    15     4    20    13     0     1   -11.0   67.306 -132.389    406.1    908.1    286.3    278.5      0.0    185.0     56.5    231.6     12.5
    25     1    15     4    20    13     0     1   -11.0   66.887 -131.154    239.9    921.3    284.2    277.6      0.0    205.9     67.5    278.9     11.5
    26     1    15     4    20    13     0     1   -11.0   66.646 -130.543    514.4    884.6    287.5    277.6      0.0    261.6     57.6    329.7     11.4
    27     1    15     4    20    13     0     1   -11.0   66.931 -132.810      0.0    962.0    278.5    275.4      0.0     56.6     84.3    170.1     13.5
     1     1    15     4    20    12     0     0   -12.0   66.379 -128.141    258.5    963.4    277.9    274.9      0.0    273.9     91.6    145.4      0.0
     2     1    15     4    20    12     0     0   -12.0   65.850 -124.118    416.3    930.3    276.7    271.0      0.0    474.5     98.7    261.3      0.0
     3     1    15     4    20    12     0     0   -12.0   67.498 -130.316      0.0    993.0    274.0    273.5      0.0    260.4     96.9    149.4      0.0
     4     1    15     4    20    12     0     0   -12.0   66.697 -126.917     17.5    978.6    275.4    273.7      0.0    536.6     96.3    259.3      0.0
     5     1    15     4    20    12     0     0   -12.0   65.643 -123.960    408.1    932.7    276.8    271.3      0.0    435.5     99.2    249.6      0.0
     6     1    15     4    20    12     0     0   -12.0   66.925 -128.895    215.6    967.9    277.0    274.5      0.0    251.9     92.6    149.4      0.0
     7     1    15     4    20    12     0     0   -12.0   66.635 -128.525    391.6    944.4    278.6    274.0      0.0    250.1     95.6    171.4      0.0
     8     1    15     4    20    12     0     0   -12.0   66.145 -124.536    324.9    936.3    276.1    270.9      0.0    587.6     99.1    303.0      0.0
     9     1    15     4    20    12     0     0   -12.0   67.092 -131.216    461.4    934.3    283.4    278.0      0.0    139.4     69.0    188.7      0.0
    10     1    15     4    20    12     0     0   -12.0   66.997 -127.466    368.3    959.7    276.1    272.9      0.0    538.4     98.5    311.5      0.0
    11     1    15     4    20    12     0     0   -12.0   66.287 -124.817    616.5    932.3    276.0    270.5      0.0    600.7     99.2    292.2      0.0
    12     1    15     4    20    12     0     0   -12.0   67.594 -130.303    248.3    990.5    274.2    273.5      0.0    279.7     97.2    170.2      0.0
    13     1    15     4    20    12     0     0   -12.0   66.951 -126.865    261.5    973.5    275.3    273.2      0.0    564.4     94.1    303.9      0.0
    14     1    15     4    20    12     0     0   -12.0   66.262 -124.660    473.4    948.9    274.8    270.7      0.0    555.2     99.0    294.1      0.0
    15     1    15     4    20    12     0     0   -12.0   66.930 -128.963    508.8    962.3    277.6    274.6      0.0    244.5     92.6    152.0      0.0
    16     1    15     4    20    12     0     0   -12.0   66.732 -128.021    505.5    957.4    276.9    273.5      0.0    321.4     96.9    195.1      0.0
    17     1    15     4    20    12     0     0   -12.0   66.487 -125.016    595.9    928.9    276.5    270.8      0.0    629.3     97.8    342.4      0.0
    18     1    15     4    20    12     0     0   -12.0   67.394 -130.500    622.7    924.5    279.6    273.3      0.0    228.6     92.1    354.0      0.0
    19     1    15     4    20    12     0     0   -12.0   66.834 -131.844    353.5    912.3    286.5    279.1      0.0    177.1     56.5    241.7      0.0
    20     1    15     4    20    12     0     0   -12.0   66.622 -131.616    623.7    878.1    287.9    277.4      0.0    232.4     55.3    281.0      0.0
    21     1    15     4    20    12     0     0   -12.0   66.987 -132.402     98.4    951.0    279.7    275.7      0.0     93.4     83.5    161.3      0.0
    22     1    15     4    20    12     0     0   -12.0   66.871 -131.429    364.8    902.6    286.6    278.3      0.0    224.2     61.1    313.9      0.0
    23     1    15     4    20    12     0     0   -12.0   65.648 -126.117     61.9    935.7    278.3    273.1      0.0    428.5     99.5    328.0      0.0
    24     1    15     4    20    12     0     0   -12.0   67.178 -132.763    332.9    921.5    285.3    278.7      0.0    127.0     60.2    181.7      0.0
    25     1    15     4    20    12     0     0   -12.0   66.785 -131.344    265.3    923.4    284.7    278.3      0.0    168.8     64.5    231.4      0.0
    26     1    15     4    20    12     0     0   -12.0   66.560 -130.949    559.6    880.0    288.4    278.1      0.0    250.2     52.2    326.7      0.0
    27     1    15     4    20    12     0     0   -12.0   66.820 -132.864      0.0    957.4    279.8    276.3      0.0     30.6     78.8    222.3      0.0
