    10     1
    GFSG    15     4    13     0     0
    GFSG    15     4    14     0     0
    GFSG    15     4    15     0     0
    GFSG    15     4    16     0     0
    GFSG    15     4    17     0     0
    GFSG    15     4    18     0     0
    GFSG    15     4    19     0     0
    GFSG    15     4    20     0     0
    GFSG    15     4    21     0     0
    GFSG    15     4    22     0     0
    27 BACKWARD OMEGA   
    15     4    21     1   68.449 -133.803     0.5
    15     4    21     1   68.449 -133.803     0.5
    15     4    21     1   68.449 -133.803     0.5
    15     4    21     1   68.449 -133.803     0.5
    15     4    21     1   68.449 -133.803     0.5
    15     4    21     1   68.449 -133.803     0.5
    15     4    21     1   68.449 -133.803     0.5
    15     4    21     1   68.449 -133.803     0.5
    15     4    21     1   68.449 -133.803     0.5
    15     4    21     1   68.449 -133.803     0.5
    15     4    21     1   68.449 -133.803     0.5
    15     4    21     1   68.449 -133.803     0.5
    15     4    21     1   68.449 -133.803     0.5
    15     4    21     1   68.449 -133.803     0.5
    15     4    21     1   68.449 -133.803     0.5
    15     4    21     1   68.449 -133.803     0.5
    15     4    21     1   68.449 -133.803     0.5
    15     4    21     1   68.449 -133.803     0.5
    15     4    21     1   68.449 -133.803     0.5
    15     4    21     1   68.449 -133.803     0.5
    15     4    21     1   68.449 -133.803     0.5
    15     4    21     1   68.449 -133.803     0.5
    15     4    21     1   68.449 -133.803     0.5
    15     4    21     1   68.449 -133.803     0.5
    15     4    21     1   68.449 -133.803     0.5
    15     4    21     1   68.449 -133.803     0.5
    15     4    21     1   68.449 -133.803     0.5
     8 PRESSURE THETA    AIR_TEMP RAINFALL MIXDEPTH RELHUMID TERR_MSL SUN_FLUX
     1     1    15     4    21     1     0     1     0.0   68.449 -133.803     75.1    988.7    276.0    275.1      0.0    150.2     99.7    116.3    159.1
     2     1    15     4    21     1     0     1     0.0   68.449 -133.803     95.1    985.3    276.1    275.0      0.0    190.2     99.6    129.7    155.6
     3     1    15     4    21     1     0     1     0.0   68.449 -133.803     75.2    989.9    275.7    274.9      0.0    150.4     99.1    108.7    184.2
     4     1    15     4    21     1     0     1     0.0   68.449 -133.803     69.6    985.1    276.4    275.2      0.0    139.1     99.5    156.7    216.3
     5     1    15     4    21     1     0     1     0.0   68.449 -133.803     83.7    989.9    275.9    275.1      0.0    167.5     99.8    104.2    211.5
     6     1    15     4    21     1     0     1     0.0   68.449 -133.803     96.9    975.5    276.6    274.6      0.0    193.8     99.5    202.8    213.9
     7     1    15     4    21     1     0     1     0.0   68.449 -133.803     94.1    992.6    275.4    274.8      0.0    188.1     99.8     61.8    146.0
     8     1    15     4    21     1     0     1     0.0   68.449 -133.803    116.6    985.5    276.0    274.8      0.0    233.1     99.3    100.1    133.1
     9     1    15     4    21     1     0     1     0.0   68.449 -133.803     72.0    994.0    275.1    274.7      0.0    144.0     99.1     81.8    157.1
    10     1    15     4    21     1     0     1     0.0   68.449 -133.803     75.1    996.7    275.4    275.1      0.0    150.2     99.7    116.3    159.1
    11     1    15     4    21     1     0     1     0.0   68.449 -133.803     95.1    995.7    275.4    275.1      0.0    190.2    100.0    129.7    155.6
    12     1    15     4    21     1     0     1     0.0   68.449 -133.803     75.2    997.9    275.1    275.0      0.0    150.4     99.5    108.7    184.2
    13     1    15     4    21     1     0     1     0.0   68.449 -133.803     69.6    992.4    275.8    275.2      0.0    139.1     99.6    156.7    216.3
    14     1    15     4    21     1     0     1     0.0   68.449 -133.803     83.7    998.9    275.2    275.2      0.0    167.5     99.9    104.2    211.5
    15     1    15     4    21     1     0     1     0.0   68.449 -133.803     96.9    986.0    275.9    274.8      0.0    193.8     99.5    202.8    213.9
    16     1    15     4    21     1     0     1     0.0   68.449 -133.803     94.1   1003.0    274.7    275.0      0.0    188.1     99.6     61.8    146.0
    17     1    15     4    21     1     0     1     0.0   68.449 -133.803    116.6    998.6    275.1    275.0      0.0    233.1     99.6    100.1    133.1
    18     1    15     4    21     1     0     1     0.0   68.449 -133.803     72.0   1001.7    274.6    274.7      0.0    144.0     99.6     81.8    157.1
    19     1    15     4    21     1     0     1     0.0   68.449 -133.803     75.1    958.6    277.2    273.9      0.0    150.2     99.1    116.3    159.1
    20     1    15     4    21     1     0     1     0.0   68.449 -133.803     95.1    955.3    277.4    273.8      0.0    190.2     99.4    129.7    155.6
    21     1    15     4    21     1     0     1     0.0   68.449 -133.803     75.2    959.7    277.1    273.9      0.0    150.4     96.1    108.7    184.2
    22     1    15     4    21     1     0     1     0.0   68.449 -133.803     69.6    955.2    277.8    274.2      0.0    139.1     97.9    156.7    216.3
    23     1    15     4    21     1     0     1     0.0   68.449 -133.803     83.7    959.8    277.6    274.4      0.0    167.5     98.7    104.2    211.5
    24     1    15     4    21     1     0     1     0.0   68.449 -133.803     96.9    945.9    279.1    274.7      0.0    193.8     88.9    202.8    213.9
    25     1    15     4    21     1     0     1     0.0   68.449 -133.803     94.1    962.3    276.5    273.4      0.0    188.1     99.5     61.8    146.0
    26     1    15     4    21     1     0     1     0.0   68.449 -133.803    116.6    955.5    276.9    273.3      0.0    233.1     99.6    100.1    133.1
    27     1    15     4    21     1     0     1     0.0   68.449 -133.803     72.0    963.7    276.2    273.3      0.0    144.0     98.8     81.8    157.1
     1     1    15     4    21     0     0     0    -1.0   68.295 -133.534     97.8    981.5    276.6    275.1      0.0    126.9     99.7    157.3    225.6
     2     1    15     4    21     0     0     0    -1.0   68.292 -133.398     89.2    986.0    276.3    275.2      0.0    150.1     99.7    129.2    237.7
     3     1    15     4    21     0     0     0    -1.0   68.285 -133.486    127.0    979.2    276.4    274.7      0.0    150.1     99.5    146.7    246.1
     4     1    15     4    21     0     0     0    -1.0   68.285 -133.442     77.2    978.8    276.9    275.2      0.0    162.2     99.2    199.9    316.2
     5     1    15     4    21     0     0     0    -1.0   68.289 -133.337     82.8    990.1    276.2    275.4      0.0    141.4     99.3    101.9    320.8
     6     1    15     4    21     0     0     0    -1.0   68.280 -133.322    161.4    960.8    277.4    274.2      0.0    187.3     99.0    264.7    250.4
     7     1    15     4    21     0     0     0    -1.0   68.280 -133.579     65.9    995.3    275.5    275.1      0.0    154.0     99.7     76.5    196.5
     8     1    15     4    21     0     0     0    -1.0   68.265 -133.430    119.0    983.7    276.2    274.9      0.0    175.7     99.7    117.5    181.3
     9     1    15     4    21     0     0     0    -1.0   68.285 -133.632     66.7    992.3    275.4    274.7      0.0    132.2     99.4     99.5    208.4
    10     1    15     4    21     0     0     0    -1.0   68.359 -133.622    275.8    991.5    276.0    275.3      0.0    126.0     99.2    145.8    214.6
    11     1    15     4    21     0     0     0    -1.0   68.366 -133.503    260.6    995.5    275.7    275.4      0.0    169.3     99.7    128.9    219.5
    12     1    15     4    21     0     0     0    -1.0   68.333 -133.600    301.2    989.7    275.9    275.1      0.0    148.1     99.4    135.2    241.6
    13     1    15     4    21     0     0     0    -1.0   68.347 -133.547    267.8    989.4    276.2    275.4      0.0    147.6     99.6    171.1    312.0
    14     1    15     4    21     0     0     0    -1.0   68.357 -133.433    265.2    999.6    275.5    275.4      0.0    135.3     99.9     91.1    314.1
    15     1    15     4    21     0     0     0    -1.0   68.317 -133.434    317.0    971.9    276.9    274.7      0.0    186.0     99.4    263.8    261.3
    16     1    15     4    21     0     0     0    -1.0   68.349 -133.635    249.3   1002.6    275.0    275.2      0.0    161.9     99.8     73.3    192.6
    17     1    15     4    21     0     0     0    -1.0   68.358 -133.541    248.8    996.7    275.5    275.2      0.0    190.4    100.0    120.9    172.7
    18     1    15     4    21     0     0     0    -1.0   68.346 -133.697    257.9   1000.3    274.9    274.9      0.0    135.8     99.2     91.2    204.4
    19     1    15     4    21     0     0     0    -1.0   68.251 -133.510     82.0    953.4    278.3    274.5      0.0    131.2     94.3    158.6    231.3
    20     1    15     4    21     0     0     0    -1.0   68.237 -133.413     86.9    955.4    277.9    274.3      0.0    142.1     98.4    137.1    233.9
    21     1    15     4    21     0     0     0    -1.0   68.265 -133.467     78.5    954.7    278.3    274.6      0.0    150.1     91.7    150.5    245.6
    22     1    15     4    21     0     0     0    -1.0   68.232 -133.396     41.5    950.8    278.4    274.4      0.0    171.9     96.1    222.5    310.8
    23     1    15     4    21     0     0     0    -1.0   68.205 -133.362     48.9    963.3    277.8    274.8      0.0    139.8     97.0    108.9    326.8
    24     1    15     4    21     0     0     0    -1.0   68.277 -133.438    136.9    935.9    281.4    276.1      0.0    182.9     77.4    253.9    256.1
    25     1    15     4    21     0     0     0    -1.0   68.238 -133.535     66.6    964.7    276.7    273.9      0.0    148.5     99.0     78.2    199.8
    26     1    15     4    21     0     0     0    -1.0   68.240 -133.404    128.8    952.7    277.5    273.7      0.0    172.0     99.4    117.0    183.8
    27     1    15     4    21     0     0     0    -1.0   68.253 -133.568     28.5    965.8    276.3    273.6      0.0    131.1     99.4    106.6    212.2
     1     1    15     4    20    23     0     1    -2.0   68.110 -133.173    152.5    967.2    276.9    274.2      0.0    209.0     99.1    212.0    281.6
     2     1    15     4    20    23     0     1    -2.0   68.131 -132.998     75.2    991.7    275.8    275.1      0.0    161.3     99.7     82.5    324.5
     3     1    15     4    20    23     0     1    -2.0   68.128 -133.062    171.3    967.1    276.6    273.9      0.0    187.7     99.0    202.2    246.8
     4     1    15     4    20    23     0     1    -2.0   68.082 -132.987    144.4    960.1    277.2    274.0      0.0    247.6     98.4    290.6    282.5
     5     1    15     4    20    23     0     1    -2.0   68.074 -132.849    180.4    969.2    277.3    274.8      0.0    206.5     96.5    168.8    336.7
     6     1    15     4    20    23     0     1    -2.0   68.132 -132.840    186.0    958.1    277.1    273.7      0.0    192.6     98.9    251.5    211.1
     7     1    15     4    20    23     0     1    -2.0   68.125 -133.369     66.1    992.9    275.3    274.7      0.0    198.7     99.6     89.7    222.5
     8     1    15     4    20    23     0     1    -2.0   68.093 -133.099    115.4    980.9    276.1    274.6      0.0    193.8     99.9    133.7    205.9
     9     1    15     4    20    23     0     1    -2.0   68.133 -133.435     51.7    991.4    275.1    274.4      0.0    178.3     99.0    108.8    228.5
    10     1    15     4    20    23     0     1    -2.0   68.229 -133.361    326.2    982.1    276.2    274.7      0.0    193.9     99.5    166.3    257.5
    11     1    15     4    20    23     0     1    -2.0   68.266 -133.159    276.1    996.9    275.3    275.1      0.0    170.7     99.8     88.5    286.2
    12     1    15     4    20    23     0     1    -2.0   68.182 -133.250    360.2    976.7    276.2    274.3      0.0    190.2     99.4    178.6    252.3
    13     1    15     4    20    23     0     1    -2.0   68.197 -133.188    311.1    975.2    276.6    274.6      0.0    220.2     99.0    236.6    303.6
    14     1    15     4    20    23     0     1    -2.0   68.225 -133.007    318.7    988.8    276.0    275.1      0.0    185.0     98.6    111.2    332.9
    15     1    15     4    20    23     0     1    -2.0   68.172 -132.978    344.8    966.6    276.8    274.1      0.0    197.3     98.9    272.3    216.8
    16     1    15     4    20    23     0     1    -2.0   68.251 -133.476    263.2   1001.0    274.9    275.0      0.0    211.1     99.7     78.6    205.5
    17     1    15     4    20    23     0     1    -2.0   68.272 -133.275    258.4    996.5    275.2    275.0      0.0    220.3     99.8    113.4    195.3
    18     1    15     4    20    23     0     1    -2.0   68.234 -133.566    267.9    997.9    274.7    274.5      0.0    180.2     99.2     88.0    220.9
    19     1    15     4    20    23     0     1    -2.0   68.039 -133.206    108.7    942.0    279.6    274.8      0.0    215.3     86.0    222.3    278.3
    20     1    15     4    20    23     0     1    -2.0   68.011 -133.056     20.3    966.4    277.0    274.3      0.0    165.1     97.7     97.1    316.4
    21     1    15     4    20    23     0     1    -2.0   68.101 -133.097    102.1    947.1    279.0    274.7      0.0    184.6     87.3    191.8    244.4
    22     1    15     4    20    23     0     1    -2.0   68.012 -132.970    138.2    929.5    280.9    275.1      0.0    257.1     81.4    311.9    269.7
    23     1    15     4    20    23     0     1    -2.0   67.941 -132.914    155.0    940.3    278.9    274.0      0.0    205.0     93.2    188.3    337.5
    24     1    15     4    20    23     0     1    -2.0   68.132 -133.101    176.2    929.9    281.8    276.0      0.0    189.2     74.4    258.0    217.8
    25     1    15     4    20    23     0     1    -2.0   68.019 -133.275     47.7    963.5    276.8    273.9      0.0    195.5     96.4    102.7    238.9
    26     1    15     4    20    23     0     1    -2.0   68.029 -133.100    123.9    949.4    277.7    273.6      0.0    189.4     97.9    139.5    204.4
    27     1    15     4    20    23     0     1    -2.0   68.065 -133.282      0.0    968.3    276.1    273.5      0.0    177.3     98.0    119.7    235.5
     1     1    15     4    20    22     0     2    -3.0   67.885 -132.782    224.0    951.1    277.1    273.1      0.0    252.5     98.5    279.9    265.3
     2     1    15     4    20    22     0     2    -3.0   67.932 -132.640    133.2    976.0    276.3    274.4      0.0    215.5     97.2    160.3    333.1
     3     1    15     4    20    22     0     2    -3.0   67.988 -132.656    181.0    961.9    276.5    273.5      0.0    173.2     98.7    230.9    210.7
     4     1    15     4    20    22     0     2    -3.0   67.861 -132.563    145.1    962.1    276.5    273.5      0.0    253.3     99.3    262.9    232.4
     5     1    15     4    20    22     0     2    -3.0   67.786 -132.404    261.3    948.7    277.2    273.0      0.0    292.9     99.3    263.6    281.1
     6     1    15     4    20    22     0     2    -3.0   67.989 -132.419    106.3    976.4    276.0    274.1      0.0    190.6     99.5    184.2    206.6
     7     1    15     4    20    22     0     2    -3.0   67.938 -133.113    117.9    982.1    275.6    274.1      0.0    244.3     99.1    131.9    260.8
     8     1    15     4    20    22     0     2    -3.0   67.909 -132.830    115.9    980.0    275.8    274.2      0.0    236.2     99.3    145.1    253.2
     9     1    15     4    20    22     0     2    -3.0   67.992 -133.188     48.6    990.8    274.9    274.2      0.0    218.6     99.2    122.8    250.0
    10     1    15     4    20    22     0     2    -3.0   68.028 -133.018    380.3    962.6    276.7    273.7      0.0    257.2     99.6    269.6    289.3
    11     1    15     4    20    22     0     2    -3.0   68.132 -132.803    295.9    993.7    275.3    274.8      0.0    197.8     99.5    101.0    328.1
    12     1    15     4    20    22     0     2    -3.0   68.034 -132.853    376.6    970.9    276.2    273.8      0.0    186.2     99.2    212.3    230.4
    13     1    15     4    20    22     0     2    -3.0   67.979 -132.790    364.6    961.4    276.6    273.5      0.0    283.6     99.1    300.6    253.2
    14     1    15     4    20    22     0     2    -3.0   67.974 -132.553    414.2    962.8    276.8    273.8      0.0    283.9     99.0    244.5    312.1
    15     1    15     4    20    22     0     2    -3.0   68.038 -132.586    303.2    979.8    275.9    274.3      0.0    182.1     99.5    205.6    206.6
    16     1    15     4    20    22     0     2    -3.0   68.123 -133.288    293.8    994.2    274.9    274.5      0.0    254.8     99.7    104.0    233.9
    17     1    15     4    20    22     0     2    -3.0   68.171 -132.997    280.0    991.7    275.2    274.6      0.0    246.4     99.6    132.5    215.9
    18     1    15     4    20    22     0     2    -3.0   68.112 -133.388    269.9    995.4    274.6    274.2      0.0    223.7     99.2    113.0    240.9
    19     1    15     4    20    22     0     2    -3.0   67.803 -132.971    152.8    934.0    280.5    275.1      0.0    232.2     78.8    248.9    267.3
    20     1    15     4    20    22     0     2    -3.0   67.759 -132.717     21.4    953.7    277.0    273.3      0.0    239.8     98.0    212.2    308.5
    21     1    15     4    20    22     0     2    -3.0   67.943 -132.781    131.5    940.9    279.8    275.0      0.0    183.5     81.0    212.5    226.4
    22     1    15     4    20    22     0     2    -3.0   67.794 -132.701    183.7    928.6    281.3    275.4      0.0    239.3     76.8    263.3    230.3
    23     1    15     4    20    22     0     2    -3.0   67.675 -132.626    228.8    922.8    281.3    274.9      0.0    280.3     78.6    270.3    272.8
    24     1    15     4    20    22     0     2    -3.0   67.990 -132.840    195.2    930.7    281.5    275.8      0.0    169.8     73.7    231.1    200.3
    25     1    15     4    20    22     0     2    -3.0   67.774 -133.010     80.4    955.6    277.8    274.2      0.0    235.8     89.5    139.2    265.2
    26     1    15     4    20    22     0     2    -3.0   67.784 -132.896    120.7    948.2    277.9    273.7      0.0    245.0     93.0    159.0    251.0
    27     1    15     4    20    22     0     2    -3.0   67.877 -132.950      0.0    966.4    276.5    273.8      0.0    220.9     93.6    129.2    247.7
     1     1    15     4    20    21     0     3    -4.0   67.677 -132.478    277.6    945.8    277.0    272.6      0.0    222.6     97.2    273.0    222.5
     2     1    15     4    20    21     0     3    -4.0   67.661 -132.328    267.7    947.5    276.7    272.4      0.0    305.7     99.0    268.3    280.6
     3     1    15     4    20    21     0     3    -4.0   67.850 -132.293    165.4    965.3    276.1    273.3      0.0    185.3     98.8    222.0    241.3
     4     1    15     4    20    21     0     3    -4.0   67.670 -132.191     96.7    976.2    275.8    273.9      0.0    259.7     99.5    200.6    217.3
     5     1    15     4    20    21     0     3    -4.0   67.500 -131.981    293.8    945.9    276.7    272.3      0.0    327.3     99.7    256.1    248.7
     6     1    15     4    20    21     0     3    -4.0   67.850 -132.015    116.1    972.3    275.9    273.7      0.0    250.5     99.9    213.6    227.1
     7     1    15     4    20    21     0     3    -4.0   67.711 -132.809    192.0    968.2    275.9    273.3      0.0    261.3     98.6    171.5    271.3
     8     1    15     4    20    21     0     3    -4.0   67.689 -132.565    133.2    971.4    275.8    273.5      0.0    274.6     99.2    204.1    293.9
     9     1    15     4    20    21     0     3    -4.0   67.859 -132.891     51.9    989.5    274.7    273.9      0.0    243.0     99.8    136.7    257.2
    10     1    15     4    20    21     0     3    -4.0   67.800 -132.698    430.5    957.0    276.4    272.9      0.0    259.6     98.7    273.4    251.8
    11     1    15     4    20    21     0     3    -4.0   67.910 -132.484    427.4    967.9    276.0    273.5      0.0    249.8     98.2    186.6    328.7
    12     1    15     4    20    21     0     3    -4.0   67.898 -132.496    375.7    967.8    276.0    273.4      0.0    179.2     98.8    238.6    224.7
    13     1    15     4    20    21     0     3    -4.0   67.777 -132.447    308.5    976.0    275.7    273.8      0.0    259.2     99.9    238.0    225.8
    14     1    15     4    20    21     0     3    -4.0   67.685 -132.149    444.4    957.1    276.4    272.9      0.0    334.3     99.4    258.4    270.2
    15     1    15     4    20    21     0     3    -4.0   67.938 -132.287    281.3    985.4    275.5    274.4      0.0    209.8     99.7    188.6    218.9
    16     1    15     4    20    21     0     3    -4.0   67.932 -133.045    371.2    980.1    275.4    273.8      0.0    289.7     98.5    143.0    274.9
    17     1    15     4    20    21     0     3    -4.0   68.034 -132.727    296.4    992.5    274.9    274.3      0.0    270.6     99.9    116.7    269.5
    18     1    15     4    20    21     0     3    -4.0   67.985 -133.152    280.0    993.7    274.4    273.9      0.0    261.1     99.6    122.9    263.2
    19     1    15     4    20    21     0     3    -4.0   67.568 -132.810    192.7    932.6    280.7    275.2      0.0    202.3     74.9    223.6    236.5
    20     1    15     4    20    21     0     3    -4.0   67.482 -132.451    113.5    931.5    278.9    273.3      0.0    320.4     90.0    312.0    259.5
    21     1    15     4    20    21     0     3    -4.0   67.782 -132.582    155.3    937.7    280.9    275.8      0.0    196.9     72.3    217.9    252.8
    22     1    15     4    20    21     0     3    -4.0   67.600 -132.468    114.8    943.9    278.8    274.2      0.0    203.1     86.6    204.9    214.1
    23     1    15     4    20    21     0     3    -4.0   67.402 -132.402    182.2    929.6    280.2    274.4      0.0    298.4     82.2    259.3    234.7
    24     1    15     4    20    21     0     3    -4.0   67.850 -132.660    165.8    936.8    281.2    276.0      0.0    185.3     72.1    215.2    244.8
    25     1    15     4    20    21     0     3    -4.0   67.524 -132.786    112.3    950.2    278.5    274.5      0.0    237.6     83.5    153.2    262.8
    26     1    15     4    20    21     0     3    -4.0   67.491 -132.746    157.3    937.1    279.2    274.0      0.0    292.8     85.3    219.7    283.6
    27     1    15     4    20    21     0     3    -4.0   67.685 -132.623     20.8    958.9    277.8    274.5      0.0    224.0     85.4    171.3    254.1
     1     1    15     4    20    20     0     2    -5.0   67.499 -132.223    251.3    955.5    276.5    273.0      0.0    184.1     97.4    220.0    180.9
     2     1    15     4    20    20     0     2    -5.0   67.389 -132.021    233.7    951.8    276.3    272.5      0.0    300.1     98.4    268.4    201.5
     3     1    15     4    20    20     0     2    -5.0   67.701 -131.890    142.9    966.2    276.0    273.3      0.0    216.2     98.6    237.2    239.2
     4     1    15     4    20    20     0     2    -5.0   67.483 -131.795    145.2    975.6    275.7    273.7      0.0    262.2     99.6    147.9    187.9
     5     1    15     4    20    20     0     2    -5.0   67.223 -131.549    333.4    943.9    277.9    273.4      0.0    306.0     95.4    226.9    202.2
     6     1    15     4    20    20     0     2    -5.0   67.680 -131.556    191.6    950.6    276.8    272.9      0.0    253.7     98.8    320.3    194.3
     7     1    15     4    20    20     0     2    -5.0   67.501 -132.523    207.7    964.5    275.9    273.0      0.0    208.6     99.9    188.2    208.4
     8     1    15     4    20    20     0     2    -5.0   67.434 -132.307    170.7    956.7    276.2    272.7      0.0    304.1     99.0    289.9    226.9
     9     1    15     4    20    20     0     2    -5.0   67.728 -132.595     76.3    981.6    274.9    273.5      0.0    228.3     99.5    178.6    209.7
    10     1    15     4    20    20     0     2    -5.0   67.603 -132.429    445.4    956.9    276.2    272.7      0.0    214.9     98.8    261.2    183.8
    11     1    15     4    20    20     0     2    -5.0   67.620 -132.185    519.9    945.6    276.6    272.3      0.0    332.5     98.7    281.3    223.2
    12     1    15     4    20    20     0     2    -5.0   67.757 -132.141    351.8    972.8    275.7    273.5      0.0    204.8     99.2    223.2    229.8
    13     1    15     4    20    20     0     2    -5.0   67.628 -132.151    294.5    984.2    275.4    274.1      0.0    261.0     99.5    176.6    189.6
    14     1    15     4    20    20     0     2    -5.0   67.400 -131.706    498.3    948.9    277.0    272.8      0.0    329.7     98.6    264.7    207.6
    15     1    15     4    20    20     0     2    -5.0   67.813 -131.922    336.5    973.9    275.8    273.7      0.0    249.0     99.6    218.9    201.7
    16     1    15     4    20    20     0     2    -5.0   67.690 -132.783    439.0    967.9    275.7    273.1      0.0    268.4     98.9    177.5    223.0
    17     1    15     4    20    20     0     2    -5.0   67.859 -132.496    294.5    989.0    275.0    274.1      0.0    281.4     99.2    149.6    263.0
    18     1    15     4    20    20     0     2    -5.0   67.856 -132.898    284.0    991.5    274.5    273.9      0.0    250.9     99.6    139.6    207.5
    19     1    15     4    20    20     0     2    -5.0   67.357 -132.702    223.0    930.0    281.1    275.3      0.0    203.6     74.0    218.5    203.7
    20     1    15     4    20    20     0     2    -5.0   67.223 -132.263    128.9    935.9    279.1    273.9      0.0    250.5     86.3    261.0    194.2
    21     1    15     4    20    20     0     2    -5.0   67.625 -132.466    148.0    939.8    281.2    276.2      0.0    216.1     70.2    209.3    242.7
    22     1    15     4    20    20     0     2    -5.0   67.424 -132.169     26.4    956.8    277.5    274.0      0.0    232.4     91.4    174.6    194.1
    23     1    15     4    20    20     0     2    -5.0   67.161 -132.144    137.1    942.8    279.2    274.5      0.0    268.2     84.8    184.0    191.4
    24     1    15     4    20    20     0     2    -5.0   67.710 -132.508    117.0    941.2    281.0    276.2      0.0    208.8     72.6    228.6    243.6
    25     1    15     4    20    20     0     2    -5.0   67.292 -132.609    141.3    944.3    279.4    274.9      0.0    226.9     78.9    176.8    209.4
    26     1    15     4    20    20     0     2    -5.0   67.191 -132.637    200.0    934.3    279.8    274.4      0.0    256.9     81.8    203.6    221.6
    27     1    15     4    20    20     0     2    -5.0   67.490 -132.386     94.4    948.4    280.2    275.9      0.0    232.8     71.8    189.6    229.6
     1     1    15     4    20    19     0     1    -6.0   67.337 -131.913    148.5    968.7    275.8    273.3      0.0    215.2     98.8    210.3    183.0
     2     1    15     4    20    19     0     1    -6.0   67.163 -131.660    157.2    970.2    275.6    273.2      0.0    271.6     99.3    186.0    166.4
     3     1    15     4    20    19     0     1    -6.0   67.543 -131.441    241.1    942.0    278.8    274.1      0.0    227.5     87.9    342.2    184.6
     4     1    15     4    20    19     0     1    -6.0   67.284 -131.360    166.9    961.3    276.4    273.3      0.0    263.4     98.6    255.7    154.8
     5     1    15     4    20    19     0     1    -6.0   66.968 -131.131    388.0    938.1    278.3    273.3      0.0    296.0     95.1    230.4    143.1
     6     1    15     4    20    19     0     1    -6.0   67.505 -131.128    138.9    968.3    276.2    273.6      0.0    234.7     98.2    225.9    162.3
     7     1    15     4    20    19     0     1    -6.0   67.314 -132.271    205.1    962.1    276.0    272.9      0.0    217.9     98.5    209.6    168.7
     8     1    15     4    20    19     0     1    -6.0   67.201 -132.059    191.3    955.8    276.0    272.5      0.0    257.9     99.1    275.9    159.8
     9     1    15     4    20    19     0     1    -6.0   67.568 -132.306    133.1    972.6    275.3    273.1      0.0    232.6     99.1    194.2    180.3
    10     1    15     4    20    19     0     1    -6.0   67.439 -132.169    378.0    970.4    275.6    273.2      0.0    204.6     99.2    215.5    166.5
    11     1    15     4    20    19     0     1    -6.0   67.348 -131.833    439.1    959.4    275.9    272.6      0.0    303.9     99.1    244.6    169.4
    12     1    15     4    20    19     0     1    -6.0   67.610 -131.728    371.2    963.8    276.1    273.2      0.0    225.1     98.9    275.7    198.1
    13     1    15     4    20    19     0     1    -6.0   67.464 -131.787    345.7    980.8    275.3    273.8      0.0    261.8     99.6    157.8    164.4
    14     1    15     4    20    19     0     1    -6.0   67.126 -131.232    525.1    950.3    277.4    273.3      0.0    302.6     97.0    234.5    155.5
    15     1    15     4    20    19     0     1    -6.0   67.648 -131.485    389.7    954.2    276.5    272.8      0.0    247.0     98.9    338.2    152.4
    16     1    15     4    20    19     0     1    -6.0   67.476 -132.556    442.5    966.5    275.6    272.9      0.0    221.1     99.6    183.8    167.0
    17     1    15     4    20    19     0     1    -6.0   67.645 -132.255    317.1    973.3    275.5    273.4      0.0    327.6     98.5    252.7    194.4
    18     1    15     4    20    19     0     1    -6.0   67.731 -132.686    294.0    986.7    274.6    273.5      0.0    240.9     99.3    166.8    161.8
    19     1    15     4    20    19     0     1    -6.0   67.171 -132.626    226.0    930.8    281.3    275.6      0.0    220.5     72.5    207.5    182.2
    20     1    15     4    20    19     0     1    -6.0   67.018 -132.044     12.0    956.7    276.5    273.1      0.0    207.2     96.2    200.3    163.9
    21     1    15     4    20    19     0     1    -6.0   67.465 -132.355    113.8    944.1    281.2    276.6      0.0    218.0     68.9    206.2    218.5
    22     1    15     4    20    19     0     1    -6.0   67.243 -131.832     78.3    941.5    279.7    274.9      0.0    244.2     82.0    260.1    170.4
    23     1    15     4    20    19     0     1    -6.0   66.959 -131.860    146.1    945.4    279.7    275.2      0.0    258.5     80.4    154.9    164.7
    24     1    15     4    20    19     0     1    -6.0   67.566 -132.339    108.5    937.0    281.9    276.7      0.0    222.8     68.7    272.2    208.8
    25     1    15     4    20    19     0     1    -6.0   67.076 -132.491    189.1    936.9    280.6    275.4      0.0    239.5     73.8    190.9    168.6
    26     1    15     4    20    19     0     1    -6.0   66.937 -132.508    216.3    933.8    279.7    274.3      0.0    217.7     82.4    189.9    167.8
    27     1    15     4    20    19     0     1    -6.0   67.312 -132.235    123.3    946.9    280.7    276.4      0.0    192.0     68.9    173.1    223.1
     1     1    15     4    20    18     0     0    -7.0   67.169 -131.510    172.7    957.9    276.7    273.3      0.0    230.6     95.8    276.5    144.3
     2     1    15     4    20    18     0     0    -7.0   66.949 -131.252    170.5    971.3    275.7    273.4      0.0    263.0     98.7    167.6    138.4
     3     1    15     4    20    18     0     0    -7.0   67.410 -131.212    393.0    923.4    282.0    275.6      0.0    214.3     73.3    350.0    123.9
     4     1    15     4    20    18     0     0    -7.0   67.098 -130.963    109.7    977.3    275.8    274.0      0.0    243.2     98.2    178.7    114.3
     5     1    15     4    20    18     0     0    -7.0   66.734 -130.780    426.3    935.7    278.2    273.0      0.0    286.5     96.5    211.2    100.3
     6     1    15     4    20    18     0     0    -7.0   67.399 -130.831      3.9    992.2    275.1    274.5      0.0    239.5     99.7    156.9    115.1
     7     1    15     4    20    18     0     0    -7.0   67.116 -132.015    175.1    966.0    276.0    273.3      0.0    220.8     97.0    205.6    143.9
     8     1    15     4    20    18     0     0    -7.0   67.011 -131.852    159.9    963.9    275.6    272.7      0.0    222.9     99.4    238.4    127.2
     9     1    15     4    20    18     0     0    -7.0   67.387 -131.996    120.1    975.3    275.6    273.6      0.0    198.5     95.6    184.0    161.1
    10     1    15     4    20    18     0     0    -7.0   67.297 -131.881    306.8    978.7    275.3    273.6      0.0    224.5     99.8    217.9    151.4
    11     1    15     4    20    18     0     0    -7.0   67.115 -131.430    422.6    971.5    275.5    273.2      0.0    277.6     99.2    162.1    140.5
    12     1    15     4    20    18     0     0    -7.0   67.456 -131.311    514.6    936.6    279.5    274.3      0.0    217.2     84.9    359.8    130.3
    13     1    15     4    20    18     0     0    -7.0   67.279 -131.375    374.4    965.5    276.0    273.2      0.0    260.2     98.9    259.1    118.0
    14     1    15     4    20    18     0     0    -7.0   66.867 -130.823    626.6    938.0    277.9    272.9      0.0    304.8     97.7    238.8     93.3
    15     1    15     4    20    18     0     0    -7.0   67.492 -131.108    313.9    978.3    275.7    273.9      0.0    219.9     98.5    214.2    116.5
    16     1    15     4    20    18     0     0    -7.0   67.274 -132.364    443.6    964.2    275.8    272.9      0.0    230.5     98.3    200.6    127.1
    17     1    15     4    20    18     0     0    -7.0   67.390 -131.993    355.2    961.9    275.7    272.6      0.0    319.8     99.2    306.3    126.4
    18     1    15     4    20    18     0     0    -7.0   67.582 -132.502    345.1    977.3    274.9    273.1      0.0    246.8     99.1    190.5    121.3
    19     1    15     4    20    18     0     0    -7.0   66.989 -132.600    194.2    936.4    281.3    276.0      0.0    224.1     70.9    190.0    146.6
    20     1    15     4    20    18     0     0    -7.0   66.839 -131.743      0.0    962.9    276.1    273.1      0.0    231.2     97.1    205.8    147.8
    21     1    15     4    20    18     0     0    -7.0   67.307 -132.218     93.0    947.0    281.0    276.6      0.0    189.9     69.3    200.9    171.2
    22     1    15     4    20    18     0     0    -7.0   67.088 -131.633    183.7    918.2    282.2    275.4      0.0    229.9     74.0    358.0    118.8
    23     1    15     4    20    18     0     0    -7.0   66.778 -131.628    183.7    929.2    281.1    275.2      0.0    251.1     77.6    262.6    127.5
    24     1    15     4    20    18     0     0    -7.0   67.446 -132.273    172.2    928.0    283.5    277.5      0.0    214.7     61.5    285.3    158.8
    25     1    15     4    20    18     0     0    -7.0   66.870 -132.470    233.0    933.7    281.1    275.6      0.0    209.4     71.9    174.5    138.3
    26     1    15     4    20    18     0     0    -7.0   66.711 -132.407    232.1    931.2    280.2    274.6      0.0    235.1     79.9    196.0    126.2
    27     1    15     4    20    18     0     0    -7.0   67.153 -132.109    124.6    947.7    281.0    276.7      0.0    150.8     66.9    163.7    176.4
     1     1    15     4    20    17     0     1    -8.0   67.006 -131.147    307.9    928.4    279.5    273.7      0.0    219.7     88.1    374.9     88.1
     2     1    15     4    20    17     0     1    -8.0   66.739 -130.826    179.9    958.9    276.6    273.3      0.0    253.2     97.9    256.4     88.5
     3     1    15     4    20    17     0     1    -8.0   67.311 -131.136    513.4    915.2    283.6    276.5      0.0    200.8     67.3    287.3     92.3
     4     1    15     4    20    17     0     1    -8.0   66.972 -130.632     93.3    981.6    275.6    274.2      0.0    264.4     97.9    159.6     86.4
     5     1    15     4    20    17     0     1    -8.0   66.511 -130.397    518.8    926.1    280.1    274.1      0.0    297.3     89.4    203.8     79.3
     6     1    15     4    20    17     0     1    -8.0   67.330 -130.570     55.7    985.5    275.1    274.0      0.0    261.6     98.7    162.3     83.6
     7     1    15     4    20    17     0     1    -8.0   66.932 -131.665    144.3    967.9    276.0    273.5      0.0    227.8     96.7    215.2    122.0
     8     1    15     4    20    17     0     1    -8.0   66.852 -131.600     85.6    976.5    275.3    273.4      0.0    228.3     99.2    194.6    108.5
     9     1    15     4    20    17     0     1    -8.0   67.244 -131.630    114.8    974.4    275.6    273.5      0.0    193.9     95.4    195.7    130.2
    10     1    15     4    20    17     0     1    -8.0   67.157 -131.509    352.2    965.8    276.0    273.3      0.0    232.4     98.2    269.2    107.7
    11     1    15     4    20    17     0     1    -8.0   66.889 -130.991    424.0    964.5    276.3    273.5      0.0    269.1     98.0    219.7     98.3
    12     1    15     4    20    17     0     1    -8.0   67.332 -131.093    644.7    926.7    281.2    275.1      0.0    203.4     78.5    301.1     89.4
    13     1    15     4    20    17     0     1    -8.0   67.111 -130.997    316.2    982.8    275.5    274.1      0.0    238.3     98.0    165.3     87.1
    14     1    15     4    20    17     0     1    -8.0   66.626 -130.407    664.6    936.2    277.9    272.7      0.0    308.1     99.1    219.5     73.5
    15     1    15     4    20    17     0     1    -8.0   67.411 -130.880    248.6    993.0    274.9    274.4      0.0    232.6     98.9    139.7     88.7
    16     1    15     4    20    17     0     1    -8.0   67.066 -132.106    439.5    965.0    276.0    273.2      0.0    240.4     97.3    197.1    105.5
    17     1    15     4    20    17     0     1    -8.0   67.175 -131.716    333.5    972.6    275.3    273.2      0.0    266.5     99.2    225.2     99.9
    18     1    15     4    20    17     0     1    -8.0   67.395 -132.240    404.0    971.5    275.8    273.6      0.0    215.7     94.8    178.2    109.9
    19     1    15     4    20    17     0     1    -8.0   66.818 -132.573    164.0    941.1    281.1    276.3      0.0    200.4     71.7    184.0    121.2
    20     1    15     4    20    17     0     1    -8.0   66.656 -131.398     52.3    941.3    279.4    274.5      0.0    233.7     84.8    281.6    103.4
    21     1    15     4    20    17     0     1    -8.0   67.177 -132.044     97.0    947.7    280.7    276.4      0.0    183.9     72.2    189.8    133.0
    22     1    15     4    20    17     0     1    -8.0   66.987 -131.616    335.4    897.4    285.0    276.4      0.0    217.8     64.5    375.3     86.5
    23     1    15     4    20    17     0     1    -8.0   66.635 -131.506    282.4    908.6    283.3    275.6      0.0    236.3     72.2    334.5     86.7
    24     1    15     4    20    17     0     1    -8.0   67.354 -132.281    235.7    924.6    283.6    277.3      0.0    208.8     63.0    240.5    120.0
    25     1    15     4    20    17     0     1    -8.0   66.685 -132.550    258.2    933.9    281.6    276.2      0.0    158.3     69.3    145.3    119.0
    26     1    15     4    20    17     0     1    -8.0   66.506 -132.403    257.5    929.5    281.0    275.2      0.0    240.4     76.6    174.5     94.8
    27     1    15     4    20    17     0     1    -8.0   67.025 -131.998    133.8    946.7    281.2    276.8      0.0    139.1     67.8    169.4    142.4
     1     1    15     4    20    16     0     2    -9.0   66.881 -130.949    438.2    921.4    281.5    275.0      0.0    206.7     80.5    313.8     58.9
     2     1    15     4    20    16     0     2    -9.0   66.569 -130.429     82.7    982.5    275.5    274.1      0.0    237.1     97.2    158.7     59.6
     3     1    15     4    20    16     0     2    -9.0   67.240 -131.140    606.2    909.6    284.9    277.2      0.0    184.1     63.2    252.3     65.3
     4     1    15     4    20    16     0     2    -9.0   66.804 -130.132    241.0    954.4    277.1    273.4      0.0    289.7     97.5    231.8     60.4
     5     1    15     4    20    16     0     2    -9.0   66.320 -130.167    599.1    913.1    282.6    275.3      0.0    290.1     80.6    230.1     59.4
     6     1    15     4    20    16     0     2    -9.0   67.199 -130.079    144.5    968.8    275.8    273.3      0.0    271.4     99.1    206.6     67.7
     7     1    15     4    20    16     0     2    -9.0   66.786 -131.218    209.1    958.4    276.8    273.5      0.0    193.6     95.0    229.2     78.4
     8     1    15     4    20    16     0     2    -9.0   66.723 -131.253     66.8    976.3    275.5    273.7      0.0    241.7     98.3    224.0     72.8
     9     1    15     4    20    16     0     2    -9.0   67.135 -131.175    164.0    969.0    275.8    273.3      0.0    160.2     96.4    187.4     81.3
    10     1    15     4    20    16     0     2    -9.0   67.003 -131.078    465.0    938.4    277.7    272.7      0.0    218.4     98.0    385.4     58.2
    11     1    15     4    20    16     0     2    -9.0   66.688 -130.562    397.6    969.4    276.2    273.7      0.0    245.5     98.0    200.6     58.8
    12     1    15     4    20    16     0     2    -9.0   67.229 -130.952    732.5    924.5    282.4    276.1      0.0    191.9     73.8    242.3     61.9
    13     1    15     4    20    16     0     2    -9.0   67.022 -130.744    248.4    991.8    275.1    274.4      0.0    253.8     97.9    158.6     59.3
    14     1    15     4    20    16     0     2    -9.0   66.404 -129.985    732.2    918.5    280.3    273.6      0.0    323.7     93.5    293.5     53.1
    15     1    15     4    20    16     0     2    -9.0   67.349 -130.637    277.8    989.5    274.8    274.0      0.0    252.8     98.2    156.9     59.6
    16     1    15     4    20    16     0     2    -9.0   66.881 -131.720    419.9    966.1    276.2    273.5      0.0    234.2     95.8    206.9     79.6
    17     1    15     4    20    16     0     2    -9.0   67.049 -131.442    249.8    989.2    274.6    273.7      0.0    236.2     99.2    174.5     69.6
    18     1    15     4    20    16     0     2    -9.0   67.235 -131.859    407.7    970.3    276.1    273.7      0.0    200.1     93.3    187.6     85.0
    19     1    15     4    20    16     0     2    -9.0   66.684 -132.531    153.0    942.9    281.0    276.3      0.0    185.3     73.2    177.9     86.6
    20     1    15     4    20    16     0     2    -9.0   66.519 -131.204    198.7    915.2    282.9    275.8      0.0    220.2     74.3    362.1     61.9
    21     1    15     4    20    16     0     2    -9.0   67.081 -131.857    131.0    945.3    280.8    276.4      0.0    161.7     73.8    175.2     87.2
    22     1    15     4    20    16     0     2    -9.0   66.916 -131.725    474.8    888.3    285.8    276.3      0.0    205.8     62.7    328.3     63.8
    23     1    15     4    20    16     0     2    -9.0   66.537 -131.535    430.2    887.9    285.5    276.0      0.0    222.7     66.1    375.4     58.1
    24     1    15     4    20    16     0     2    -9.0   67.280 -132.347    287.6    922.2    283.9    277.4      0.0    202.1     62.8    217.0     81.2
    25     1    15     4    20    16     0     2    -9.0   66.518 -132.752    250.2    936.0    281.9    276.7      0.0    115.4     68.0    135.8     87.0
    26     1    15     4    20    16     0     2    -9.0   66.325 -132.548    303.9    927.5    281.8    275.8      0.0    193.7     73.1    152.8     70.7
    27     1    15     4    20    16     0     2    -9.0   66.935 -131.938    149.8    941.4    281.6    276.8      0.0    127.9     68.8    196.0     95.7
     1     1    15     4    20    15     0     3   -10.0   66.772 -130.793    470.4    930.4    281.4    275.6      0.0    199.9     80.6    213.1     35.7
     2     1    15     4    20    15     0     3   -10.0   66.470 -130.113     82.3    982.8    275.5    274.2      0.0    263.6     96.4    160.9     32.5
     3     1    15     4    20    15     0     3   -10.0   67.187 -131.210    666.4    907.1    285.5    277.6      0.0    160.2     61.2    223.1     37.0
     4     1    15     4    20    15     0     3   -10.0   66.627 -129.546    204.5    967.6    276.5    273.9      0.0    292.9     97.1    164.0     55.9
     5     1    15     4    20    15     0     3   -10.0   66.149 -129.935    560.1    922.7    282.1    275.7      0.0    261.0     82.9    191.3     54.4
     6     1    15     4    20    15     0     3   -10.0   67.092 -129.539     95.0    982.9    275.3    273.9      0.0    288.7     96.8    147.8     58.1
     7     1    15     4    20    15     0     3   -10.0   66.680 -130.844    331.1    946.5    278.8    274.4      0.0    147.9     88.2    213.5     37.1
     8     1    15     4    20    15     0     3   -10.0   66.580 -130.799    174.5    951.9    276.9    273.0      0.0    227.3     98.6    324.1     33.3
     9     1    15     4    20    15     0     3   -10.0   67.051 -130.737    233.9    964.5    276.3    273.4      0.0    132.3     97.1    159.2     39.2
    10     1    15     4    20    15     0     3   -10.0   66.863 -130.691    458.2    962.2    276.3    273.2      0.0    210.3     99.4    202.8     34.2
    11     1    15     4    20    15     0     3   -10.0   66.546 -130.167    355.7    978.7    275.8    274.1      0.0    265.5     96.7    169.8     31.5
    12     1    15     4    20    15     0     3   -10.0   67.140 -130.835    760.7    929.7    282.6    276.8      0.0    186.1     73.4    177.1     37.8
    13     1    15     4    20    15     0     3   -10.0   66.922 -130.393    404.6    969.4    276.2    273.7      0.0    282.7     97.7    196.9     34.0
    14     1    15     4    20    15     0     3   -10.0   66.194 -129.575    713.3    933.2    280.4    274.9      0.0    300.0     89.8    195.4     51.6
    15     1    15     4    20    15     0     3   -10.0   67.230 -130.171    425.3    965.7    276.1    273.3      0.0    265.8     98.8    206.1     44.9
    16     1    15     4    20    15     0     3   -10.0   66.744 -131.269    488.6    957.1    277.1    273.7      0.0    185.8     94.3    214.2     38.3
    17     1    15     4    20    15     0     3   -10.0   66.979 -131.188    251.6    992.5    274.5    273.9      0.0    256.3     98.2    154.4     36.8
    18     1    15     4    20    15     0     3   -10.0   67.118 -131.406    441.7    966.5    276.2    273.5      0.0    171.1     96.5    182.8     43.1
    19     1    15     4    20    15     0     3   -10.0   66.583 -132.523    159.4    942.5    281.0    276.3      0.0    173.8     74.3    171.7     45.0
    20     1    15     4    20    15     0     3   -10.0   66.429 -131.267    348.7    902.9    285.5    277.3      0.0    203.1     62.9    329.9     33.1
    21     1    15     4    20    15     0     3   -10.0   67.010 -131.720    185.5    941.7    281.8    277.0      0.0    119.7     72.0    152.5     43.3
    22     1    15     4    20    15     0     3   -10.0   66.847 -131.940    549.4    886.8    286.3    276.6      0.0    180.2     60.4    277.0     34.4
    23     1    15     4    20    15     0     3   -10.0   66.456 -131.715    565.1    877.1    286.6    276.1      0.0    209.0     63.0    348.2     32.7
    24     1    15     4    20    15     0     3   -10.0   67.217 -132.516    309.1    922.6    284.0    277.5      0.0    208.5     63.0    195.7     41.1
    25     1    15     4    20    15     0     3   -10.0   66.357 -133.033    221.6    932.8    282.2    276.7      0.0     62.7     68.2    196.6     40.0
    26     1    15     4    20    15     0     3   -10.0   66.150 -132.851    309.9    929.7    282.4    276.5      0.0    140.8     70.5    132.0     39.3
    27     1    15     4    20    15     0     3   -10.0   66.865 -131.954    141.3    938.5    281.8    276.7      0.0    114.3     70.4    227.5     48.0
     1     1    15     4    20    14     0     2   -11.0   66.665 -130.566    408.0    946.9    279.2    274.9      0.0    202.5     89.0    141.9     24.9
     2     1    15     4    20    14     0     2   -11.0   66.304 -129.576    243.8    953.1    277.2    273.4      0.0    279.2     98.0    251.8     28.7
     3     1    15     4    20    14     0     2   -11.0   67.144 -131.360    693.1    906.6    286.2    278.3      0.0    147.1     57.1    210.7     25.1
     4     1    15     4    20    14     0     2   -11.0   66.435 -128.893    185.6    970.5    276.7    274.3      0.0    274.2     96.0    148.4     42.7
     5     1    15     4    20    14     0     2   -11.0   65.995 -129.666    512.3    936.6    281.1    275.8      0.0    240.4     84.5    127.5     42.6
     6     1    15     4    20    14     0     2   -11.0   66.971 -128.903    116.4    979.0    275.7    274.1      0.0    278.4     97.3    145.7     42.7
     7     1    15     4    20    14     0     2   -11.0   66.596 -130.591    392.3    942.3    280.0    275.3      0.0    159.5     84.5    196.9     25.6
     8     1    15     4    20    14     0     2   -11.0   66.435 -130.386    256.0    943.3    277.2    272.6      0.0    219.3     98.6    323.3     22.0
     9     1    15     4    20    14     0     2   -11.0   66.982 -130.338    225.0    968.6    276.0    273.5      0.0    161.3     97.4    142.0     26.9
    10     1    15     4    20    14     0     2   -11.0   66.759 -130.281    333.7    984.5    274.7    273.5      0.0    226.6     97.8    147.4     23.9
    11     1    15     4    20    14     0     2   -11.0   66.370 -129.629    548.0    945.3    278.0    273.5      0.0    290.9     97.4    258.8     25.8
    12     1    15     4    20    14     0     2   -11.0   67.060 -130.713    752.0    935.4    282.2    276.8      0.0    183.5     75.5    146.3     26.0
    13     1    15     4    20    14     0     2   -11.0   66.741 -129.807    448.1    960.6    276.6    273.4      0.0    280.7     98.2    230.8     32.4
    14     1    15     4    20    14     0     2   -11.0   66.004 -129.223    715.1    939.5    280.1    275.1      0.0    266.4     90.4    136.1     42.5
    15     1    15     4    20    14     0     2   -11.0   67.097 -129.584    376.4    977.9    275.5    273.7      0.0    268.7     97.2    160.4     38.5
    16     1    15     4    20    14     0     2   -11.0   66.646 -130.936    598.5    945.9    279.5    275.0      0.0    141.9     85.4    208.6     25.1
    17     1    15     4    20    14     0     2   -11.0   66.884 -130.851    317.9    980.1    275.4    273.8      0.0    267.8     95.9    199.0     25.4
    18     1    15     4    20    14     0     2   -11.0   67.032 -130.993    508.0    962.2    276.9    273.9      0.0    108.5     94.3    161.9     26.3
    19     1    15     4    20    14     0     2   -11.0   66.495 -132.599    164.7    943.6    281.3    276.7      0.0    128.3     72.5    146.0     31.0
    20     1    15     4    20    14     0     2   -11.0   66.359 -131.530    434.6    899.4    286.6    278.0      0.0    193.3     56.5    285.6     22.9
    21     1    15     4    20    14     0     2   -11.0   66.950 -131.691    229.4    935.4    283.2    277.9      0.0    105.9     66.3    172.6     29.0
    22     1    15     4    20    14     0     2   -11.0   66.767 -132.268    546.9    892.9    286.5    277.4      0.0    184.9     57.6    233.4     25.1
    23     1    15     4    20    14     0     2   -11.0   66.370 -132.023    597.2    881.0    287.0    276.8      0.0    195.7     58.2    290.5     22.8
    24     1    15     4    20    14     0     2   -11.0   67.136 -132.769    298.4    925.7    283.9    277.7      0.0    165.6     64.2    177.2     29.1
    25     1    15     4    20    14     0     2   -11.0   66.180 -133.371    195.0    926.8    283.4    277.3      0.0     19.9     64.3    287.0     26.7
    26     1    15     4    20    14     0     2   -11.0   65.954 -133.246    293.6    923.9    283.2    276.8      0.0     39.3     68.6    209.7     26.7
    27     1    15     4    20    14     0     2   -11.0   66.791 -132.027    103.2    939.5    282.0    277.0      0.0     82.6     69.8    246.9     31.8
     1     1    15     4    20    13     0     1   -12.0   66.564 -130.252    367.7    950.2    278.4    274.3      0.0    194.5     93.4    149.1     13.0
     2     1    15     4    20    13     0     1   -12.0   66.125 -128.976    215.4    966.1    276.6    273.8      0.0    266.2     95.7    166.1     18.6
     3     1    15     4    20    13     0     1   -12.0   67.092 -131.590    694.4    908.8    286.7    278.9      0.0    136.3     54.3    186.8     13.2
     4     1    15     4    20    13     0     1   -12.0   66.262 -128.240    111.3    977.1    276.5    274.7      0.0    289.7     94.0    172.4     20.5
     5     1    15     4    20    13     0     1   -12.0   65.867 -129.475    516.4    937.6    281.4    276.2      0.0    200.9     82.1    111.1     21.3
     6     1    15     4    20    13     0     1   -12.0   66.852 -128.298     48.7    986.8    275.5    274.5      0.0    306.9     94.6    155.2     20.1
     7     1    15     4    20    13     0     1   -12.0   66.529 -130.387    407.2    945.1    280.0    275.5      0.0    162.6     85.1    154.3     13.2
     8     1    15     4    20    13     0     1   -12.0   66.302 -129.950    113.9    982.0    274.8    273.4      0.0    216.4     97.4    139.2     11.7
     9     1    15     4    20    13     0     1   -12.0   66.907 -129.974    216.6    970.3    276.4    274.1      0.0    146.8     94.2    131.7     13.8
    10     1    15     4    20    13     0     1   -12.0   66.647 -129.789    454.5    964.8    276.0    273.2      0.0    225.9     98.8    186.5     14.9
    11     1    15     4    20    13     0     1   -12.0   66.173 -129.096    526.0    955.7    277.6    274.0      0.0    268.4     95.4    190.6     17.6
    12     1    15     4    20    13     0     1   -12.0   66.998 -130.603    743.4    938.5    281.8    276.7      0.0    169.2     78.2    124.1     13.3
    13     1    15     4    20    13     0     1   -12.0   66.560 -129.175    450.7    968.8    276.4    273.9      0.0    266.7     95.5    153.8     19.8
    14     1    15     4    20    13     0     1   -12.0   65.811 -128.932    640.0    945.5    280.2    275.8      0.0    242.0     86.9    160.4     21.3
    15     1    15     4    20    13     0     1   -12.0   66.958 -128.920    388.0    976.7    275.9    274.0      0.0    264.0     96.1    147.7     21.3
    16     1    15     4    20    13     0     1   -12.0   66.569 -130.766    664.5    940.9    281.2    276.3      0.0    145.3     79.2    180.5     13.0
    17     1    15     4    20    13     0     1   -12.0   66.730 -130.406    344.7    967.3    275.6    273.0      0.0    277.6     98.6    271.8     11.7
    18     1    15     4    20    13     0     1   -12.0   66.965 -130.680    544.8    957.8    277.7    274.3      0.0    129.5     92.0    157.0     13.5
    19     1    15     4    20    13     0     1   -12.0   66.394 -132.749    138.1    942.7    281.7    277.0      0.0     82.7     71.7    190.3     15.0
    20     1    15     4    20    13     0     1   -12.0   66.268 -131.906    425.5    906.9    286.4    278.5      0.0    177.7     55.8    223.2     12.9
    21     1    15     4    20    13     0     1   -12.0   66.882 -131.798    239.3    931.8    284.4    278.7      0.0     98.7     61.3    191.0     15.2
    22     1    15     4    20    13     0     1   -12.0   66.655 -132.687    486.5    903.9    286.5    278.3      0.0    150.1     55.1    185.9     14.4
    23     1    15     4    20    13     0     1   -12.0   66.264 -132.431    549.3    893.5    286.9    277.8      0.0    176.8     55.7    220.7     13.0
    24     1    15     4    20    13     0     1   -12.0   67.023 -133.067    261.8    933.0    283.5    277.9      0.0    111.3     64.4    147.1     15.4
    25     1    15     4    20    13     0     1   -12.0   65.935 -133.804    167.6    916.7    284.6    277.6      0.0     26.8     60.5    401.6     13.3
    26     1    15     4    20    13     0     1   -12.0   65.708 -133.706    286.9    912.1    284.4    277.0      0.0     20.0     64.9    316.7     12.9
    27     1    15     4    20    13     0     1   -12.0   66.695 -132.165     52.5    941.0    282.5    277.6      0.0     52.4     67.1    294.8     15.7
