    10     1
    GFSG    15     4    13     0     0
    GFSG    15     4    14     0     0
    GFSG    15     4    15     0     0
    GFSG    15     4    16     0     0
    GFSG    15     4    17     0     0
    GFSG    15     4    18     0     0
    GFSG    15     4    19     0     0
    GFSG    15     4    20     0     0
    GFSG    15     4    21     0     0
    GFSG    15     4    22     0     0
    27 BACKWARD OMEGA   
    15     4    21     1   68.908 -133.989     0.5
    15     4    21     1   68.908 -133.989     0.5
    15     4    21     1   68.908 -133.989     0.5
    15     4    21     1   68.908 -133.989     0.5
    15     4    21     1   68.908 -133.989     0.5
    15     4    21     1   68.908 -133.989     0.5
    15     4    21     1   68.908 -133.989     0.5
    15     4    21     1   68.908 -133.989     0.5
    15     4    21     1   68.908 -133.989     0.5
    15     4    21     1   68.908 -133.989     0.5
    15     4    21     1   68.908 -133.989     0.5
    15     4    21     1   68.908 -133.989     0.5
    15     4    21     1   68.908 -133.989     0.5
    15     4    21     1   68.908 -133.989     0.5
    15     4    21     1   68.908 -133.989     0.5
    15     4    21     1   68.908 -133.989     0.5
    15     4    21     1   68.908 -133.989     0.5
    15     4    21     1   68.908 -133.989     0.5
    15     4    21     1   68.908 -133.989     0.5
    15     4    21     1   68.908 -133.989     0.5
    15     4    21     1   68.908 -133.989     0.5
    15     4    21     1   68.908 -133.989     0.5
    15     4    21     1   68.908 -133.989     0.5
    15     4    21     1   68.908 -133.989     0.5
    15     4    21     1   68.908 -133.989     0.5
    15     4    21     1   68.908 -133.989     0.5
    15     4    21     1   68.908 -133.989     0.5
     8 PRESSURE THETA    AIR_TEMP RAINFALL MIXDEPTH RELHUMID TERR_MSL SUN_FLUX
     1     1    15     4    21     1     0     1     0.0   68.908 -133.989     96.3    984.7    276.2    274.9      0.0    192.7     99.6    131.7    139.0
     2     1    15     4    21     1     0     1     0.0   68.908 -133.989    133.3    985.5    275.9    274.7      0.0    266.5     99.2     90.3    160.4
     3     1    15     4    21     1     0     1     0.0   68.908 -133.989     80.2    992.1    275.7    275.1      0.0    160.4     99.7     81.4    150.3
     4     1    15     4    21     1     0     1     0.0   68.908 -133.989     87.9    987.1    276.1    275.1      0.0    175.9     99.7    122.6    184.4
     5     1    15     4    21     1     0     1     0.0   68.908 -133.989     85.9    995.1    275.3    274.9      0.0    171.9     99.7     59.5    254.3
     6     1    15     4    21     1     0     1     0.0   68.908 -133.989     67.2    983.6    276.4    275.1      0.0    134.4     99.4    169.9    181.9
     7     1    15     4    21     1     0     1     0.0   68.908 -133.989    125.9    987.0    275.8    274.7      0.0    251.7     99.1     74.7    131.8
     8     1    15     4    21     1     0     1     0.0   68.908 -133.989    127.3    987.3    275.8    274.8      0.0    254.7     98.8     79.5    165.5
     9     1    15     4    21     1     0     1     0.0   68.908 -133.989     99.4    993.1    275.1    274.6      0.0    198.8     99.7     53.6    145.4
    10     1    15     4    21     1     0     1     0.0   68.908 -133.989     96.3    995.3    275.4    275.0      0.0    192.7    100.0    131.7    139.0
    11     1    15     4    21     1     0     1     0.0   68.908 -133.989    133.3   1000.6    274.8    274.9      0.0    266.5    100.0     90.3    160.4
    12     1    15     4    21     1     0     1     0.0   68.908 -133.989     80.2   1000.7    275.1    275.2      0.0    160.4     99.8     81.4    150.3
    13     1    15     4    21     1     0     1     0.0   68.908 -133.989     87.9    996.7    275.4    275.1      0.0    175.9     99.8    122.6    184.4
    14     1    15     4    21     1     0     1     0.0   68.908 -133.989     85.9   1004.5    274.7    275.0      0.0    171.9     99.7     59.5    254.3
    15     1    15     4    21     1     0     1     0.0   68.908 -133.989     67.2    990.6    275.8    275.1      0.0    134.4     99.4    169.9    181.9
    16     1    15     4    21     1     0     1     0.0   68.908 -133.989    125.9   1001.3    274.9    275.0      0.0    251.7     99.4     74.7    131.8
    17     1    15     4    21     1     0     1     0.0   68.908 -133.989    127.3   1001.8    274.9    275.0      0.0    254.7     99.6     79.5    165.5
    18     1    15     4    21     1     0     1     0.0   68.908 -133.989     99.4   1004.1    274.5    274.8      0.0    198.8     99.4     53.6    145.4
    19     1    15     4    21     1     0     1     0.0   68.908 -133.989     96.3    954.8    277.3    273.6      0.0    192.7     99.5    131.7    139.0
    20     1    15     4    21     1     0     1     0.0   68.908 -133.989    133.3    955.5    277.4    273.8      0.0    266.5     99.1     90.3    160.4
    21     1    15     4    21     1     0     1     0.0   68.908 -133.989     80.2    961.8    276.9    273.8      0.0    160.4     99.3     81.4    150.3
    22     1    15     4    21     1     0     1     0.0   68.908 -133.989     87.9    957.1    277.6    274.2      0.0    175.9     99.2    122.6    184.4
    23     1    15     4    21     1     0     1     0.0   68.908 -133.989     85.9    964.8    277.4    274.6      0.0    171.9     98.3     59.5    254.3
    24     1    15     4    21     1     0     1     0.0   68.908 -133.989     67.2    953.8    277.8    274.0      0.0    134.4     98.2    169.9    181.9
    25     1    15     4    21     1     0     1     0.0   68.908 -133.989    125.9    956.9    276.6    273.1      0.0    251.7     99.7     74.7    131.8
    26     1    15     4    21     1     0     1     0.0   68.908 -133.989    127.3    957.2    276.9    273.4      0.0    254.7     99.5     79.5    165.5
    27     1    15     4    21     1     0     1     0.0   68.908 -133.989     99.4    962.7    276.2    273.2      0.0    198.8     99.5     53.6    145.4
     1     1    15     4    21     0     0     0    -1.0   68.750 -133.619     86.3    985.5    276.3    275.1      0.0    154.6     99.7    136.2    206.5
     2     1    15     4    21     0     0     0    -1.0   68.727 -133.352    119.4    988.1    275.9    274.9      0.0    178.7     99.7     81.5    274.7
     3     1    15     4    21     0     0     0    -1.0   68.749 -133.743     89.5    986.9    276.1    275.1      0.0    138.8     99.6    120.8    216.6
     4     1    15     4    21     0     0     0    -1.0   68.750 -133.561     79.1    990.6    276.1    275.4      0.0    132.9     99.7    101.4    307.4
     5     1    15     4    21     0     0     0    -1.0   68.734 -133.301    107.6    989.8    275.9    275.1      0.0    188.6     99.8     79.3    295.8
     6     1    15     4    21     0     0     0    -1.0   68.749 -133.659     94.4    977.5    276.9    275.1      0.0    152.9     99.2    193.9    286.5
     7     1    15     4    21     0     0     0    -1.0   68.711 -133.627    133.1    984.8    276.0    274.8      0.0    188.0     99.5     94.9    178.4
     8     1    15     4    21     0     0     0    -1.0   68.725 -133.406    117.7    985.0    276.0    274.8      0.0    227.4     99.4    108.7    194.7
     9     1    15     4    21     0     0     0    -1.0   68.733 -133.779     55.1    997.3    275.1    274.9      0.0    163.8     99.7     70.9    193.6
    10     1    15     4    21     0     0     0    -1.0   68.824 -133.716    253.6    995.7    275.7    275.3      0.0    170.9     99.8    128.6    199.1
    11     1    15     4    21     0     0     0    -1.0   68.812 -133.520    255.8   1002.7    275.0    275.2      0.0    178.2     99.7     72.7    275.1
    12     1    15     4    21     0     0     0    -1.0   68.815 -133.821    271.9    996.5    275.6    275.3      0.0    141.0     99.4    109.7    206.5
    13     1    15     4    21     0     0     0    -1.0   68.820 -133.659    264.7    998.0    275.6    275.4      0.0    140.4     99.9    105.0    284.5
    14     1    15     4    21     0     0     0    -1.0   68.798 -133.439    275.8    999.8    275.2    275.2      0.0    192.2     99.4     79.3    297.5
    15     1    15     4    21     0     0     0    -1.0   68.809 -133.762    282.2    987.2    276.3    275.3      0.0    138.7     99.4    174.5    269.8
    16     1    15     4    21     0     0     0    -1.0   68.809 -133.745    249.1   1000.1    275.2    275.2      0.0    208.1     99.7     93.7    175.6
    17     1    15     4    21     0     0     0    -1.0   68.817 -133.596    256.3    999.5    275.1    275.0      0.0    256.5     99.9     98.3    186.2
    18     1    15     4    21     0     0     0    -1.0   68.799 -133.824    249.3   1003.4    274.7    275.0      0.0    170.9     99.8     66.8    191.6
    19     1    15     4    21     0     0     0    -1.0   68.702 -133.614     96.4    953.9    277.8    274.1      0.0    146.5     98.8    140.0    206.1
    20     1    15     4    21     0     0     0    -1.0   68.666 -133.420    112.9    958.0    277.7    274.3      0.0    180.9     98.8     88.4    260.9
    21     1    15     4    21     0     0     0    -1.0   68.708 -133.712     78.4    957.9    277.7    274.3      0.0    139.7     95.8    124.2    221.9
    22     1    15     4    21     0     0     0    -1.0   68.681 -133.583     49.3    963.2    277.7    274.8      0.0    131.5     97.5    108.7    306.0
    23     1    15     4    21     0     0     0    -1.0   68.639 -133.406     82.7    962.7    277.7    274.7      0.0    163.6     97.5     79.3    300.5
    24     1    15     4    21     0     0     0    -1.0   68.704 -133.629     65.0    949.5    278.6    274.5      0.0    160.6     94.6    209.2    289.2
    25     1    15     4    21     0     0     0    -1.0   68.693 -133.593    140.5    953.8    277.2    273.4      0.0    183.6     99.7     95.9    178.7
    26     1    15     4    21     0     0     0    -1.0   68.682 -133.414    130.8    952.7    277.5    273.7      0.0    222.0     99.2    114.7    190.4
    27     1    15     4    21     0     0     0    -1.0   68.688 -133.728     57.0    966.3    276.3    273.6      0.0    157.7     99.4     73.7    196.2
     1     1    15     4    20    23     0     1    -2.0   68.598 -133.268     81.2    986.9    276.0    274.9      0.0    173.2     99.5    115.5    264.8
     2     1    15     4    20    23     0     1    -2.0   68.532 -132.734    131.2    987.8    275.9    274.9      0.0    177.5     99.5     58.6    305.7
     3     1    15     4    20    23     0     1    -2.0   68.569 -133.429    153.4    973.4    276.5    274.3      0.0    204.6     99.2    169.6    261.6
     4     1    15     4    20    23     0     1    -2.0   68.569 -133.126    122.7    980.3    276.7    275.2      0.0    179.6     96.8    127.7    342.8
     5     1    15     4    20    23     0     1    -2.0   68.536 -132.638    125.8    984.9    276.2    275.0      0.0    223.6     99.7    101.7    308.3
     6     1    15     4    20    23     0     1    -2.0   68.552 -133.213    135.3    961.0    277.2    274.0      0.0    239.1     98.9    285.2    284.3
     7     1    15     4    20    23     0     1    -2.0   68.526 -133.326    128.4    983.0    275.9    274.5      0.0    217.2     99.8    112.9    193.8
     8     1    15     4    20    23     0     1    -2.0   68.553 -132.856    109.4    988.1    275.6    274.7      0.0    201.3     99.9     78.9    256.0
     9     1    15     4    20    23     0     1    -2.0   68.583 -133.604     43.3    998.5    274.8    274.7      0.0    200.8     99.5     62.7    210.7
    10     1    15     4    20    23     0     1    -2.0   68.735 -133.426    272.7    993.7    275.5    275.0      0.0    189.5     99.5    117.4    231.9
    11     1    15     4    20    23     0     1    -2.0   68.698 -132.988    283.4    999.7    275.0    274.9      0.0    196.6     99.4     58.6    304.4
    12     1    15     4    20    23     0     1    -2.0   68.689 -133.598    314.8    987.4    275.8    274.8      0.0    196.7     99.6    138.3    236.0
    13     1    15     4    20    23     0     1    -2.0   68.707 -133.285    283.9    995.3    275.6    275.2      0.0    170.7     99.7     93.6    326.7
    14     1    15     4    20    23     0     1    -2.0   68.666 -132.829    292.9    997.3    275.2    275.0      0.0    236.4     99.4     73.3    302.7
    15     1    15     4    20    23     0     1    -2.0   68.655 -133.405    317.0    974.3    276.6    274.5      0.0    213.6     99.2    232.6    300.2
    16     1    15     4    20    23     0     1    -2.0   68.717 -133.500    252.6    998.5    275.1    275.0      0.0    238.7    100.0    104.5    178.6
    17     1    15     4    20    23     0     1    -2.0   68.723 -133.170    260.7   1000.3    274.8    274.9      0.0    234.3     99.6     82.3    235.5
    18     1    15     4    20    23     0     1    -2.0   68.692 -133.673    249.3   1002.7    274.6    274.8      0.0    216.9     99.8     66.6    203.7
    19     1    15     4    20    23     0     1    -2.0   68.489 -133.305     66.0    956.8    277.3    273.9      0.0    171.5     98.4    131.5    256.3
    20     1    15     4    20    23     0     1    -2.0   68.418 -132.940    101.0    960.5    277.2    274.1      0.0    158.7     98.0     65.1    311.1
    21     1    15     4    20    23     0     1    -2.0   68.493 -133.428    106.9    949.2    279.0    274.9      0.0    209.3     86.4    173.0    267.1
    22     1    15     4    20    23     0     1    -2.0   68.433 -133.161     51.7    955.7    277.5    274.0      0.0    187.9     97.8    157.3    337.4
    23     1    15     4    20    23     0     1    -2.0   68.358 -132.886     96.8    957.2    277.5    274.1      0.0    197.1     97.5    102.7    317.9
    24     1    15     4    20    23     0     1    -2.0   68.491 -133.233    117.8    932.2    280.4    274.9      0.0    243.7     83.7    300.8    276.8
    25     1    15     4    20    23     0     1    -2.0   68.478 -133.297    143.4    950.9    277.4    273.5      0.0    211.9     98.1    115.8    197.2
    26     1    15     4    20    23     0     1    -2.0   68.454 -132.951    127.3    954.0    277.3    273.6      0.0    207.6     99.0     93.0    233.2
    27     1    15     4    20    23     0     1    -2.0   68.465 -133.494     12.4    971.2    276.1    273.8      0.0    184.8     98.3     64.2    222.2
     1     1    15     4    20    22     0     2    -3.0   68.425 -132.958     68.8    988.1    275.6    274.6      0.0    207.8     99.5    124.8    321.2
     2     1    15     4    20    22     0     2    -3.0   68.296 -132.190    169.1    974.1    276.4    274.3      0.0    248.9     98.8    146.2    318.2
     3     1    15     4    20    22     0     2    -3.0   68.345 -133.068    241.5    953.7    277.1    273.3      0.0    238.2     97.8    239.6    272.4
     4     1    15     4    20    22     0     2    -3.0   68.299 -132.719    276.7    949.1    277.2    273.1      0.0    268.3     98.9    245.7    297.5
     5     1    15     4    20    22     0     2    -3.0   68.283 -132.052    169.3    970.1    276.6    274.2      0.0    303.6     99.0    179.1    331.7
     6     1    15     4    20    22     0     2    -3.0   68.338 -132.803    182.4    956.1    276.8    273.2      0.0    250.2     98.6    279.4    237.6
     7     1    15     4    20    22     0     2    -3.0   68.328 -133.067    142.0    977.2    275.8    274.0      0.0    255.5     99.5    144.9    226.3
     8     1    15     4    20    22     0     2    -3.0   68.362 -132.349    113.5    989.0    275.4    274.6      0.0    189.5     99.2     72.8    315.7
     9     1    15     4    20    22     0     2    -3.0   68.427 -133.423     44.6    996.7    274.6    274.3      0.0    238.0     99.5     80.4    234.6
    10     1    15     4    20    22     0     2    -3.0   68.613 -133.114    283.7    995.8    275.1    274.8      0.0    204.9     99.9     96.4    297.0
    11     1    15     4    20    22     0     2    -3.0   68.554 -132.423    304.5    997.0    275.0    274.8      0.0    230.2     99.7     67.5    308.8
    12     1    15     4    20    22     0     2    -3.0   68.492 -133.293    407.3    967.7    276.4    273.8      0.0    254.0     98.9    207.8    278.2
    13     1    15     4    20    22     0     2    -3.0   68.506 -132.888    403.7    971.6    276.6    274.3      0.0    226.8     97.2    175.7    340.6
    14     1    15     4    20    22     0     2    -3.0   68.502 -132.235    329.6    988.2    275.6    274.7      0.0    278.2     99.5    122.5    335.9
    15     1    15     4    20    22     0     2    -3.0   68.447 -133.014    364.3    960.8    276.6    273.5      0.0    278.8     98.7    309.7    259.8
    16     1    15     4    20    22     0     2    -3.0   68.620 -133.256    272.0    995.0    275.0    274.6      0.0    277.9     99.7    118.4    198.3
    17     1    15     4    20    22     0     2    -3.0   68.604 -132.680    284.5    999.4    274.7    274.7      0.0    215.2     99.5     67.7    286.4
    18     1    15     4    20    22     0     2    -3.0   68.579 -133.519    257.4   1003.1    274.3    274.6      0.0    252.7     99.8     63.4    219.9
    19     1    15     4    20    22     0     2    -3.0   68.243 -133.020     25.3    955.6    277.0    273.4      0.0    230.7     97.9    189.0    303.6
    20     1    15     4    20    22     0     2    -3.0   68.140 -132.550    140.3    949.7    277.2    273.2      0.0    206.0     97.6    123.3    336.4
    21     1    15     4    20    22     0     2    -3.0   68.255 -133.204    148.3    940.8    279.9    275.1      0.0    228.6     80.4    197.0    264.9
    22     1    15     4    20    22     0     2    -3.0   68.165 -132.830    183.3    928.5    280.3    274.5      0.0    272.0     83.3    267.3    283.7
    23     1    15     4    20    22     0     2    -3.0   68.051 -132.437    168.0    934.0    277.8    272.5      0.0    293.8     98.9    239.2    312.2
    24     1    15     4    20    22     0     2    -3.0   68.274 -132.986    200.0    924.4    282.0    275.7      0.0    235.0     73.2    286.7    233.8
    25     1    15     4    20    22     0     2    -3.0   68.226 -133.104    150.1    947.5    278.1    273.8      0.0    255.1     91.4    137.9    236.2
    26     1    15     4    20    22     0     2    -3.0   68.202 -132.622    100.0    958.4    276.7    273.4      0.0    202.5     98.2     90.2    294.0
    27     1    15     4    20    22     0     2    -3.0   68.227 -133.235      0.0    967.6    276.2    273.6      0.0    230.6     96.3    116.7    249.6
     1     1    15     4    20    21     0     3    -4.0   68.213 -132.666    116.4    969.9    275.9    273.5      0.0    279.0     98.4    232.9    299.3
     2     1    15     4    20    21     0     3    -4.0   67.996 -131.746    221.8    954.9    276.7    273.0      0.0    342.2     99.6    252.6    311.4
     3     1    15     4    20    21     0     3    -4.0   68.130 -132.769    294.6    947.9    277.1    272.9      0.0    215.8     95.7    238.7    239.1
     4     1    15     4    20    21     0     3    -4.0   68.021 -132.349    261.3    947.6    276.6    272.3      0.0    326.4     99.3    274.0    245.3
     5     1    15     4    20    21     0     3    -4.0   67.974 -131.513    146.1    963.4    276.5    273.6      0.0    387.5     99.8    257.5    339.0
     6     1    15     4    20    21     0     3    -4.0   68.150 -132.449    109.7    973.1    275.8    273.6      0.0    220.9     99.4    213.4    217.3
     7     1    15     4    20    21     0     3    -4.0   68.082 -132.814    204.7    964.3    276.2    273.4      0.0    293.4     98.2    191.5    277.5
     8     1    15     4    20    21     0     3    -4.0   68.120 -131.931    195.5    971.1    275.9    273.6      0.0    242.2     98.9    144.1    333.2
     9     1    15     4    20    21     0     3    -4.0   68.257 -133.189     73.0    988.9    274.7    273.8      0.0    278.5     99.5    120.5    262.4
    10     1    15     4    20    21     0     3    -4.0   68.456 -132.837    303.3    990.3    275.1    274.3      0.0    236.6     99.3    127.8    323.6
    11     1    15     4    20    21     0     3    -4.0   68.368 -131.892    353.3    980.6    275.6    274.1      0.0    309.4     99.6    157.1    325.5
    12     1    15     4    20    21     0     3    -4.0   68.253 -132.984    476.3    955.8    276.5    273.0      0.0    246.6     98.8    238.2    267.1
    13     1    15     4    20    21     0     3    -4.0   68.219 -132.535    475.7    952.1    276.5    272.6      0.0    323.1     99.0    268.9    273.5
    14     1    15     4    20    21     0     3    -4.0   68.285 -131.691    334.1    981.7    275.7    274.2      0.0    370.9     98.9    167.3    372.2
    15     1    15     4    20    21     0     3    -4.0   68.243 -132.678    353.6    968.8    275.9    273.5      0.0    243.9     99.1    252.3    226.3
    16     1    15     4    20    21     0     3    -4.0   68.495 -133.023    296.7    988.1    274.9    274.0      0.0    328.7    100.0    151.9    208.0
    17     1    15     4    20    21     0     3    -4.0   68.453 -132.172    309.7    997.3    274.7    274.5      0.0    220.1     99.9     65.7    314.2
    18     1    15     4    20    21     0     3    -4.0   68.449 -133.348    276.6    998.1    274.3    274.1      0.0    290.8     99.8     91.4    247.5
    19     1    15     4    20    21     0     3    -4.0   67.972 -132.758     61.0    939.4    277.3    272.4      0.0    302.5     98.1    296.1    273.6
    20     1    15     4    20    21     0     3    -4.0   67.836 -132.303    247.1    925.5    279.8    273.6      0.0    287.0     85.7    229.9    306.2
    21     1    15     4    20    21     0     3    -4.0   68.014 -133.034    180.6    938.4    280.3    275.3      0.0    205.0     74.5    185.6    250.7
    22     1    15     4    20    21     0     3    -4.0   67.889 -132.637    195.4    926.4    280.9    274.8      0.0    290.7     77.9    274.1    237.5
    23     1    15     4    20    21     0     3    -4.0   67.733 -132.086    233.2    924.2    279.5    273.2      0.0    338.4     88.9    255.3    277.0
    24     1    15     4    20    21     0     3    -4.0   68.071 -132.845    243.7    924.5    281.7    275.5      0.0    188.9     71.7    242.9    210.2
    25     1    15     4    20    21     0     3    -4.0   67.925 -132.992    204.9    939.5    279.3    274.3      0.0    289.1     83.9    151.9    278.8
    26     1    15     4    20    21     0     3    -4.0   67.927 -132.388     28.6    962.7    275.9    272.9      0.0    240.5     99.0    132.5    319.1
    27     1    15     4    20    21     0     3    -4.0   67.991 -132.950     11.7    965.0    276.5    273.7      0.0    255.1     92.2    129.2    268.8
     1     1    15     4    20    20     0     2    -5.0   67.957 -132.389    180.8    953.4    276.2    272.5      0.0    320.5     98.5    307.7    212.3
     2     1    15     4    20    20     0     2    -5.0   67.672 -131.307    298.3    943.0    277.1    272.5      0.0    360.0     99.3    272.7    228.3
     3     1    15     4    20    20     0     2    -5.0   67.944 -132.543    330.0    943.4    278.0    273.4      0.0    190.5     90.7    243.7    185.6
     4     1    15     4    20    20     0     2    -5.0   67.762 -131.954    262.8    955.5    276.8    273.2      0.0    299.3     96.6    199.1    197.4
     5     1    15     4    20    20     0     2    -5.0   67.705 -130.946     97.2    969.3    276.1    273.7      0.0    349.4     99.0    246.8    282.8
     6     1    15     4    20    20     0     2    -5.0   67.999 -132.121     75.3    984.2    275.3    274.1      0.0    240.6    100.0    142.6    182.8
     7     1    15     4    20    20     0     2    -5.0   67.803 -132.582    269.1    951.8    276.6    272.7      0.0    274.1     97.5    232.9    227.9
     8     1    15     4    20    20     0     2    -5.0   67.813 -131.597    295.5    945.6    276.7    272.3      0.0    341.8     99.1    258.8    239.9
     9     1    15     4    20    20     0     2    -5.0   68.067 -132.922    108.7    982.2    275.0    273.6      0.0    266.4     99.3    142.1    218.1
    10     1    15     4    20    20     0     2    -5.0   68.225 -132.565    387.6    966.2    275.9    273.2      0.0    303.0     98.4    242.0    248.4
    11     1    15     4    20    20     0     2    -5.0   68.099 -131.378    405.3    966.0    276.2    273.4      0.0    390.3     99.4    222.7    264.5
    12     1    15     4    20    20     0     2    -5.0   68.046 -132.723    501.7    953.5    276.5    272.8      0.0    205.5     97.8    234.2    192.4
    13     1    15     4    20    20     0     2    -5.0   67.945 -132.159    444.8    957.8    276.1    272.7      0.0    322.6     99.0    253.3    206.1
    14     1    15     4    20    20     0     2    -5.0   68.041 -131.139    310.7    980.8    275.5    274.0      0.0    418.3     98.8    198.9    317.1
    15     1    15     4    20    20     0     2    -5.0   68.094 -132.395    281.3    984.2    275.3    274.1      0.0    224.9     99.8    197.0    189.5
    16     1    15     4    20    20     0     2    -5.0   68.325 -132.817    324.4    984.0    275.1    273.8      0.0    310.7     99.4    159.9    222.3
    17     1    15     4    20    20     0     2    -5.0   68.243 -131.691    369.7    978.2    275.5    273.8      0.0    326.2     99.0    162.2    262.0
    18     1    15     4    20    20     0     2    -5.0   68.276 -133.141    321.7    988.1    274.7    273.8      0.0    294.3     99.4    129.2    218.3
    19     1    15     4    20    20     0     2    -5.0   67.715 -132.555    115.8    935.4    278.7    273.4      0.0    248.6     88.9    278.4    196.0
    20     1    15     4    20    20     0     2    -5.0   67.525 -132.182    258.7    916.8    282.5    275.5      0.0    333.2     70.9    296.4    212.9
    21     1    15     4    20    20     0     2    -5.0   67.790 -132.918    217.2    933.1    280.9    275.3      0.0    216.1     73.8    197.1    211.4
    22     1    15     4    20    20     0     2    -5.0   67.655 -132.436    106.5    943.8    278.5    274.0      0.0    236.9     88.0    214.2    192.2
    23     1    15     4    20    20     0     2    -5.0   67.444 -131.867    268.1    919.4    281.4    274.7      0.0    330.3     77.1    258.0    208.4
    24     1    15     4    20    20     0     2    -5.0   67.898 -132.742    239.9    927.6    281.7    275.7      0.0    192.8     71.1    222.8    199.6
    25     1    15     4    20    20     0     2    -5.0   67.627 -132.931    245.7    935.7    279.8    274.5      0.0    273.5     82.3    145.9    221.2
    26     1    15     4    20    20     0     2    -5.0   67.637 -132.161     61.9    943.5    276.8    272.2      0.0    310.8     98.4    263.3    240.3
    27     1    15     4    20    20     0     2    -5.0   67.771 -132.683     23.8    959.3    277.1    273.9      0.0    232.7     89.5    167.3    207.9
     1     1    15     4    20    19     0     1    -6.0   67.726 -132.089    121.1    968.0    275.6    273.1      0.0    264.8     99.1    244.1    166.1
     2     1    15     4    20    19     0     1    -6.0   67.360 -130.831    329.3    938.5    277.9    272.9      0.0    323.1     97.9    277.2    166.9
     3     1    15     4    20    19     0     1    -6.0   67.768 -132.355    305.4    948.4    278.5    274.3      0.0    211.9     85.8    224.4    180.6
     4     1    15     4    20    19     0     1    -6.0   67.515 -131.523    272.7    959.7    277.1    273.9      0.0    277.9     94.4    162.0    165.2
     5     1    15     4    20    19     0     1    -6.0   67.503 -130.406     46.2    978.0    275.6    273.8      0.0    311.4     99.7    237.6    172.1
     6     1    15     4    20    19     0     1    -6.0   67.833 -131.724    126.6    969.2    275.8    273.4      0.0    254.4     99.4    226.8    165.1
     7     1    15     4    20    19     0     1    -6.0   67.567 -132.374    284.4    951.5    276.4    272.5      0.0    226.4     97.9    219.4    165.9
     8     1    15     4    20    19     0     1    -6.0   67.506 -131.203    271.1    947.1    276.7    272.4      0.0    341.5     98.0    269.1    172.5
     9     1    15     4    20    19     0     1    -6.0   67.882 -132.693    117.4    978.0    275.1    273.3      0.0    239.1     98.9    166.1    163.5
    10     1    15     4    20    19     0     1    -6.0   67.953 -132.260    424.4    954.8    276.0    272.4      0.0    327.7     98.9    297.9    170.5
    11     1    15     4    20    19     0     1    -6.0   67.798 -130.803    369.2    965.3    276.1    273.3      0.0    386.6     99.3    262.1    199.2
    12     1    15     4    20    19     0     1    -6.0   67.868 -132.500    492.7    953.8    276.7    273.0      0.0    207.7     96.0    238.7    162.9
    13     1    15     4    20    19     0     1    -6.0   67.690 -131.716    476.5    959.8    276.4    273.2      0.0    297.5     97.5    201.1    165.4
    14     1    15     4    20    19     0     1    -6.0   67.804 -130.496    286.2    980.7    275.2    273.7      0.0    373.7     98.6    216.2    193.5
    15     1    15     4    20    19     0     1    -6.0   67.983 -132.133    282.0    989.3    275.0    274.1      0.0    240.6     99.7    150.1    164.7
    16     1    15     4    20    19     0     1    -6.0   68.098 -132.603    351.5    971.7    275.5    273.2      0.0    327.2     98.6    231.5    196.6
    17     1    15     4    20    19     0     1    -6.0   67.950 -131.214    425.4    959.6    276.2    272.9      0.0    403.8     99.7    257.5    189.7
    18     1    15     4    20    19     0     1    -6.0   68.071 -132.938    358.2    982.1    274.9    273.5      0.0    277.5     98.8    140.1    166.4
    19     1    15     4    20    19     0     1    -6.0   67.505 -132.382    116.4    939.5    278.5    273.6      0.0    203.4     89.1    241.3    151.3
    20     1    15     4    20    19     0     1    -6.0   67.252 -132.042    191.0    930.5    280.7    275.0      0.0    271.8     78.1    244.2    167.3
    21     1    15     4    20    19     0     1    -6.0   67.590 -132.858    247.4    929.9    281.3    275.5      0.0    233.4     72.5    194.1    176.2
    22     1    15     4    20    19     0     1    -6.0   67.455 -132.132      7.6    961.2    276.9    273.8      0.0    239.7     93.3    160.0    166.7
    23     1    15     4    20    19     0     1    -6.0   67.211 -131.702    291.2    922.5    281.7    275.2      0.0    301.4     74.2    208.7    165.4
    24     1    15     4    20    19     0     1    -6.0   67.744 -132.652    189.7    933.2    281.8    276.3      0.0    212.9     69.5    223.8    191.0
    25     1    15     4    20    19     0     1    -6.0   67.369 -132.846    244.7    935.6    279.7    274.4      0.0    253.8     82.4    146.3    159.6
    26     1    15     4    20    19     0     1    -6.0   67.344 -131.938    118.2    932.9    278.8    273.3      0.0    297.5     89.3    295.5    165.5
    27     1    15     4    20    19     0     1    -6.0   67.555 -132.470     72.9    950.5    278.9    274.9      0.0    240.0     80.0    191.2    170.0
     1     1    15     4    20    18     0     0    -7.0   67.570 -131.821     31.9    986.2    274.9    273.8      0.0    247.7     99.8    183.0    142.9
     2     1    15     4    20    18     0     0    -7.0   67.077 -130.410    376.5    935.1    278.0    272.8      0.0    320.9     98.1    265.3     95.4
     3     1    15     4    20    18     0     0    -7.0   67.581 -132.125    248.5    953.8    278.4    274.6      0.0    220.0     85.6    234.6    159.8
     4     1    15     4    20    18     0     0    -7.0   67.279 -131.103    280.4    951.1    277.2    273.2      0.0    270.0     97.0    225.9    109.7
     5     1    15     4    20    18     0     0    -7.0   67.364 -129.975     44.4    986.3    275.0    274.0      0.0    329.1     99.7    170.0     91.0
     6     1    15     4    20    18     0     0    -7.0   67.650 -131.310    145.2    960.4    276.4    273.2      0.0    242.9     98.1    283.2    113.3
     7     1    15     4    20    18     0     0    -7.0   67.363 -132.202    265.8    953.6    276.6    272.8      0.0    223.6     95.9    219.0    127.6
     8     1    15     4    20    18     0     0    -7.0   67.220 -130.771    293.0    952.1    277.5    273.6      0.0    302.4     93.2    204.9    133.6
     9     1    15     4    20    18     0     0    -7.0   67.692 -132.499    150.5    970.8    275.3    273.0      0.0    239.7     98.6    190.9    123.1
    10     1    15     4    20    18     0     0    -7.0   67.722 -131.944    324.5    975.1    275.3    273.3      0.0    279.0     99.7    228.7    140.4
    11     1    15     4    20    18     0     0    -7.0   67.558 -130.219    322.5    971.4    275.7    273.5      0.0    327.2     99.3    261.3    115.4
    12     1    15     4    20    18     0     0    -7.0   67.682 -132.243    438.6    962.0    276.3    273.3      0.0    220.0     95.8    223.8    150.1
    13     1    15     4    20    18     0     0    -7.0   67.435 -131.257    485.2    957.2    276.9    273.5      0.0    289.3     96.4    217.5    115.9
    14     1    15     4    20    18     0     0    -7.0   67.648 -129.978    272.5    988.8    274.7    273.8      0.0    357.3     98.3    169.6     93.3
    15     1    15     4    20    18     0     0    -7.0   67.839 -131.785    334.0    975.3    275.4    273.5      0.0    251.0     99.2    218.6    136.1
    16     1    15     4    20    18     0     0    -7.0   67.838 -132.385    382.4    963.4    275.6    272.7      0.0    306.7     98.4    266.9    135.7
    17     1    15     4    20    18     0     0    -7.0   67.629 -130.686    498.9    947.2    276.7    272.5      0.0    372.9     98.5    286.6    124.1
    18     1    15     4    20    18     0     0    -7.0   67.870 -132.786    363.6    979.6    274.9    273.3      0.0    255.4     98.5    154.1    113.4
    19     1    15     4    20    18     0     0    -7.0   67.317 -132.204     25.3    952.4    277.6    273.8      0.0    220.0     90.3    221.9    144.2
    20     1    15     4    20    18     0     0    -7.0   67.027 -131.820     31.8    957.3    277.1    273.6      0.0    237.9     92.2    173.7    143.6
    21     1    15     4    20    18     0     0    -7.0   67.398 -132.880    265.9    929.4    281.4    275.5      0.0    215.0     71.8    179.2    139.5
    22     1    15     4    20    18     0     0    -7.0   67.258 -131.774     36.2    946.9    278.7    274.3      0.0    244.0     87.1    258.5    133.4
    23     1    15     4    20    18     0     0    -7.0   67.022 -131.568    306.5    926.7    281.8    275.7      0.0    282.7     71.9    161.5    136.1
    24     1    15     4    20    18     0     0    -7.0   67.592 -132.583    133.0    938.1    281.7    276.6      0.0    220.0     69.0    237.3    160.7
    25     1    15     4    20    18     0     0    -7.0   67.132 -132.791    234.9    935.8    279.8    274.6      0.0    253.4     81.0    153.2    111.6
    26     1    15     4    20    18     0     0    -7.0   67.099 -131.736     66.5    945.5    277.3    272.9      0.0    245.4     94.5    238.0    132.6
    27     1    15     4    20    18     0     0    -7.0   67.344 -132.335    111.6    947.9    280.0    275.8      0.0    198.1     73.5    174.0    148.1
     1     1    15     4    20    17     0     1    -8.0   67.459 -131.558     40.1    989.0    274.8    274.0      0.0    253.8     98.4    154.9    109.0
     2     1    15     4    20    17     0     1    -8.0   66.814 -130.021    354.1    940.4    277.7    272.9      0.0    321.1     99.1    249.0     64.3
     3     1    15     4    20    17     0     1    -8.0   67.408 -131.797    276.5    947.0    279.3    275.0      0.0    217.6     82.3    251.3    118.9
     4     1    15     4    20    17     0     1    -8.0   67.069 -130.678    257.5    959.9    276.7    273.5      0.0    270.1     97.8    175.0     83.4
     5     1    15     4    20    17     0     1    -8.0   67.175 -129.493    107.5    968.4    276.0    273.4      0.0    411.7     98.6    252.6     53.8
     6     1    15     4    20    17     0     1    -8.0   67.508 -130.975     18.3    991.6    275.2    274.5      0.0    223.5     98.9    140.0     90.1
     7     1    15     4    20    17     0     1    -8.0   67.161 -131.978    230.4    958.6    276.6    273.3      0.0    240.1     95.0    211.0    105.7
     8     1    15     4    20    17     0     1    -8.0   66.960 -130.332    285.5    953.0    277.4    273.6      0.0    284.5     95.2    210.0     93.3
     9     1    15     4    20    17     0     1    -8.0   67.483 -132.245    193.9    966.0    276.0    273.3      0.0    236.3     96.6    183.6    102.9
    10     1    15     4    20    17     0     1    -8.0   67.579 -131.661    287.4    987.5    274.9    273.9      0.0    263.5     98.6    165.3    107.4
    11     1    15     4    20    17     0     1    -8.0   67.410 -129.769    268.3    983.7    275.2    273.9      0.0    329.5     99.0    212.1     73.8
    12     1    15     4    20    17     0     1    -8.0   67.502 -131.856    440.7    955.4    277.2    273.6      0.0    234.2     94.0    261.3    118.0
    13     1    15     4    20    17     0     1    -8.0   67.204 -130.831    496.7    957.7    276.8    273.4      0.0    272.6     98.0    200.3     79.7
    14     1    15     4    20    17     0     1    -8.0   67.488 -129.478    297.4    983.7    275.0    273.7      0.0    413.8     97.6    171.5     69.1
    15     1    15     4    20    17     0     1    -8.0   67.672 -131.381    364.3    962.5    276.2    273.2      0.0    242.8     98.6    285.6     87.5
    16     1    15     4    20    17     0     1    -8.0   67.617 -132.155    399.6    964.0    275.6    272.7      0.0    260.3     99.2    230.1     95.4
    17     1    15     4    20    17     0     1    -8.0   67.333 -130.167    499.3    948.3    277.1    272.9      0.0    321.0     98.4    284.0     91.0
    18     1    15     4    20    17     0     1    -8.0   67.678 -132.591    388.7    974.4    275.1    273.1      0.0    243.1     98.8    156.3     91.5
    19     1    15     4    20    17     0     1    -8.0   67.132 -131.895      0.0    955.3    277.4    273.8      0.0    233.8     92.0    229.7    116.1
    20     1    15     4    20    17     0     1    -8.0   66.825 -131.463      2.6    956.7    277.5    274.0      0.0    247.8     91.6    207.8    107.4
    21     1    15     4    20    17     0     1    -8.0   67.219 -132.986    284.1    930.3    281.9    276.1      0.0    168.9     69.4    150.8    116.5
    22     1    15     4    20    17     0     1    -8.0   67.087 -131.493    127.1    923.7    280.2    273.9      0.0    230.2     85.9    354.5     84.2
    23     1    15     4    20    17     0     1    -8.0   66.864 -131.455    339.7    915.0    282.5    275.4      0.0    267.0     74.0    230.7     95.8
    24     1    15     4    20    17     0     1    -8.0   67.446 -132.498    128.3    938.4    281.9    276.8      0.0    231.0     69.0    226.7    124.3
    25     1    15     4    20    17     0     1    -8.0   66.912 -132.803    220.4    938.6    280.3    275.3      0.0    215.5     77.6    130.3     94.7
    26     1    15     4    20    17     0     1    -8.0   66.910 -131.476      0.0    968.9    275.6    273.1      0.0    224.4     98.8    179.6    109.5
    27     1    15     4    20    17     0     1    -8.0   67.170 -132.240    124.1    948.1    280.5    276.2      0.0    163.2     71.7    163.5    127.1
     1     1    15     4    20    16     0     2    -9.0   67.315 -131.170    101.6    971.0    275.9    273.6      0.0    256.1     98.0    237.7     68.3
     2     1    15     4    20    16     0     2    -9.0   66.568 -129.533    378.2    929.6    278.6    272.9      0.0    342.4     99.0    305.5     46.3
     3     1    15     4    20    16     0     2    -9.0   67.290 -131.568    391.9    935.2    281.8    276.4      0.0    182.9     72.9    243.3     75.2
     4     1    15     4    20    16     0     2    -9.0   66.865 -130.203    425.6    932.6    279.1    273.6      0.0    295.3     93.6    233.8     57.2
     5     1    15     4    20    16     0     2    -9.0   66.924 -128.908    104.8    970.4    276.0    273.6      0.0    447.5     98.5    232.5     38.4
     6     1    15     4    20    16     0     2    -9.0   67.435 -130.751      0.0    992.6    274.9    274.3      0.0    246.4     98.0    150.2     60.2
     7     1    15     4    20    16     0     2    -9.0   66.970 -131.598    219.5    958.0    277.0    273.6      0.0    254.2     94.3    223.5     77.3
     8     1    15     4    20    16     0     2    -9.0   66.729 -129.904    286.8    953.0    277.0    273.2      0.0    263.6     99.2    202.0     56.0
     9     1    15     4    20    16     0     2    -9.0   67.300 -131.882    190.4    966.0    276.4    273.7      0.0    214.8     93.5    192.2     82.1
    10     1    15     4    20    16     0     2    -9.0   67.438 -131.299    340.2    980.1    275.5    273.9      0.0    268.4     97.0    175.2     72.4
    11     1    15     4    20    16     0     2    -9.0   67.289 -129.368    293.4    983.6    275.2    273.9      0.0    358.4     98.3    193.1     49.2
    12     1    15     4    20    16     0     2    -9.0   67.360 -131.494    583.4    937.6    280.3    275.2      0.0    191.3     80.8    277.2     72.2
    13     1    15     4    20    16     0     2    -9.0   66.993 -130.336    612.8    941.7    277.8    273.1      0.0    302.0     98.9    221.2     54.5
    14     1    15     4    20    16     0     2    -9.0   67.273 -128.915    321.1    977.8    275.6    273.8      0.0    491.6     95.2    204.0     49.5
    15     1    15     4    20    16     0     2    -9.0   67.540 -131.038    250.8    990.4    275.1    274.3      0.0    223.9     98.2    164.5     60.4
    16     1    15     4    20    16     0     2    -9.0   67.444 -131.860    396.0    967.4    275.5    272.9      0.0    250.1     99.3    213.9     64.7
    17     1    15     4    20    16     0     2    -9.0   67.063 -129.691    484.5    949.7    277.3    273.2      0.0    326.9     99.1    282.7     45.7
    18     1    15     4    20    16     0     2    -9.0   67.477 -132.282    455.9    964.8    276.1    273.2      0.0    237.8     97.5    180.8     67.1
    19     1    15     4    20    16     0     2    -9.0   66.979 -131.587    112.0    931.5    281.4    275.8      0.0    221.2     76.5    307.0     71.2
    20     1    15     4    20    16     0     2    -9.0   66.643 -131.105     86.1    933.3    279.1    273.6      0.0    235.7     90.4    319.7     62.7
    21     1    15     4    20    16     0     2    -9.0   67.051 -133.219    282.2    932.3    282.3    276.7      0.0    125.8     67.5    136.2     85.3
    22     1    15     4    20    16     0     2    -9.0   66.949 -131.302    184.2    926.6    280.5    274.5      0.0    214.7     85.6    276.4     58.9
    23     1    15     4    20    16     0     2    -9.0   66.735 -131.408    419.5    901.0    284.2    275.9      0.0    249.0     69.5    272.5     62.4
    24     1    15     4    20    16     0     2    -9.0   67.333 -132.425    172.8    934.9    282.6    277.2      0.0    219.1     67.7    219.6     81.2
    25     1    15     4    20    16     0     2    -9.0   66.722 -132.880    195.9    942.6    280.4    275.7      0.0    157.2     76.1    128.5     76.2
    26     1    15     4    20    16     0     2    -9.0   66.727 -131.094      8.6    952.4    277.7    273.9      0.0    242.0     91.9    235.5     72.1
    27     1    15     4    20    16     0     2    -9.0   67.044 -132.183    138.2    946.9    280.7    276.4      0.0    149.0     71.8    158.9     90.9
     1     1    15     4    20    15     0     3   -10.0   67.156 -130.751    103.5    969.2    276.0    273.5      0.0    237.0     98.3    251.4     33.3
     2     1    15     4    20    15     0     3   -10.0   66.330 -128.992    374.2    936.9    279.2    274.1      0.0    323.2     95.8    253.4     42.8
     3     1    15     4    20    15     0     3   -10.0   67.214 -131.521    504.9    925.9    283.9    277.7      0.0    146.4     65.5    218.4     36.8
     4     1    15     4    20    15     0     3   -10.0   66.665 -129.762    374.5    944.3    279.3    274.8      0.0    279.7     90.6    190.4     53.4
     5     1    15     4    20    15     0     3   -10.0   66.692 -128.235    118.4    966.5    276.2    273.6      0.0    428.1     97.2    258.7     27.1
     6     1    15     4    20    15     0     3   -10.0   67.349 -130.409    138.7    972.7    275.8    273.6      0.0    269.8     98.0    187.3     35.7
     7     1    15     4    20    15     0     3   -10.0   66.828 -131.216    322.4    944.3    279.1    274.6      0.0    200.7     86.3    241.0     35.9
     8     1    15     4    20    15     0     3   -10.0   66.518 -129.401    374.2    942.7    277.8    273.2      0.0    295.6     99.3    203.9     31.8
     9     1    15     4    20    15     0     3   -10.0   67.169 -131.453    224.8    961.8    276.8    273.7      0.0    190.2     94.8    191.0     42.1
    10     1    15     4    20    15     0     3   -10.0   67.269 -130.867    370.8    966.3    276.2    273.5      0.0    251.5     98.5    255.8     35.2
    11     1    15     4    20    15     0     3   -10.0   67.094 -128.843    357.4    967.7    276.1    273.6      0.0    432.9     98.5    257.5     26.0
    12     1    15     4    20    15     0     3   -10.0   67.268 -131.370    720.3    926.0    283.2    277.0      0.0    165.2     70.0    249.5     35.7
    13     1    15     4    20    15     0     3   -10.0   66.784 -129.851    640.3    935.9    279.5    274.2      0.0    298.0     93.0    243.0     45.8
    14     1    15     4    20    15     0     3   -10.0   67.022 -128.249    350.1    967.6    276.1    273.5      0.0    510.8     93.5    265.8     32.3
    15     1    15     4    20    15     0     3   -10.0   67.471 -130.823    248.5    993.5    274.8    274.3      0.0    238.3     97.0    146.5     32.5
    16     1    15     4    20    15     0     3   -10.0   67.292 -131.463    336.9    977.6    275.4    273.6      0.0    244.4     98.2    197.0     32.3
    17     1    15     4    20    15     0     3   -10.0   66.855 -129.229    357.5    968.7    276.4    273.9      0.0    336.5     98.5    249.0     29.4
    18     1    15     4    20    15     0     3   -10.0   67.304 -131.906    474.5    961.6    276.7    273.6      0.0    230.7     94.6    191.5     38.3
    19     1    15     4    20    15     0     3   -10.0   66.887 -131.582    263.8    918.6    284.5    277.7      0.0    198.5     64.1    275.9     34.1
    20     1    15     4    20    15     0     3   -10.0   66.496 -130.841    156.8    926.5    279.9    273.9      0.0    216.7     90.3    312.3     32.1
    21     1    15     4    20    15     0     3   -10.0   66.881 -133.546    260.4    929.1    282.7    276.8      0.0     64.6     67.4    189.4     40.0
    22     1    15     4    20    15     0     3   -10.0   66.809 -131.005     61.0    959.5    276.8    273.6      0.0    216.8     97.2    125.7     35.1
    23     1    15     4    20    15     0     3   -10.0   66.639 -131.487    521.9    883.7    286.1    276.2      0.0    234.8     65.3    329.3     34.2
    24     1    15     4    20    15     0     3   -10.0   67.247 -132.436    227.8    930.9    283.1    277.3      0.0    207.9     67.4    204.2     39.6
    25     1    15     4    20    15     0     3   -10.0   66.561 -133.009    144.7    948.7    279.8    275.6      0.0    103.4     78.1    133.7     40.0
    26     1    15     4    20    15     0     3   -10.0   66.571 -130.770    146.0    925.5    281.1    274.9      0.0    226.1     82.5    331.5     33.1
    27     1    15     4    20    15     0     3   -10.0   66.952 -132.209    152.7    942.7    281.1    276.4      0.0    139.1     72.4    178.3     45.0
     1     1    15     4    20    14     0     2   -11.0   67.051 -130.427      0.0    992.3    274.6    274.0      0.0    243.1     97.1    159.8     21.3
     2     1    15     4    20    14     0     2   -11.0   66.090 -128.477    314.9    953.2    278.2    274.4      0.0    290.3     96.1    165.4     37.8
     3     1    15     4    20    14     0     2   -11.0   67.158 -131.647    568.5    920.9    285.2    278.5      0.0    150.6     59.8    208.2     26.1
     4     1    15     4    20    14     0     2   -11.0   66.470 -129.337    376.5    951.8    279.2    275.3      0.0    254.9     89.9    126.9     42.7
     5     1    15     4    20    14     0     2   -11.0   66.451 -127.479    100.0    961.8    276.1    273.0      0.0    496.9     98.1    305.5     20.8
     6     1    15     4    20    14     0     2   -11.0   67.187 -129.834    167.5    967.0    276.1    273.4      0.0    266.6     98.3    211.5     34.7
     7     1    15     4    20    14     0     2   -11.0   66.732 -131.065    445.2    931.6    282.8    277.2      0.0    163.4     71.0    236.1     24.6
     8     1    15     4    20    14     0     2   -11.0   66.322 -128.938    451.5    926.6    279.9    273.8      0.0    292.1     94.1    271.1     28.9
     9     1    15     4    20    14     0     2   -11.0   67.075 -131.080    294.3    955.8    277.8    274.2      0.0    125.1     91.3    180.5     26.6
    10     1    15     4    20    14     0     2   -11.0   67.124 -130.463    286.7    986.8    274.9    273.9      0.0    250.1     97.2    174.0     21.2
    11     1    15     4    20    14     0     2   -11.0   66.855 -128.220    329.8    974.0    275.8    273.7      0.0    467.2     96.6    241.6     18.1
    12     1    15     4    20    14     0     2   -11.0   67.203 -131.434    806.7    919.2    285.2    278.4      0.0    155.8     60.8    231.8     24.5
    13     1    15     4    20    14     0     2   -11.0   66.579 -129.394    628.7    948.5    279.0    274.8      0.0    275.8     92.0    151.4     39.1
    14     1    15     4    20    14     0     2   -11.0   66.733 -127.463    389.1    957.1    276.0    272.6      0.0    535.9     96.3    310.9     23.8
    15     1    15     4    20    14     0     2   -11.0   67.400 -130.528    325.0    983.2    275.1    273.8      0.0    263.6     96.9    155.2     22.4
    16     1    15     4    20    14     0     2   -11.0   67.154 -131.016    381.4    962.7    276.1    273.2      0.0    240.5     97.4    282.3     22.9
    17     1    15     4    20    14     0     2   -11.0   66.662 -128.671    383.4    958.6    276.6    273.3      0.0    367.7     99.4    298.1     20.2
    18     1    15     4    20    14     0     2   -11.0   67.178 -131.540    508.1    957.2    277.4    273.9      0.0    179.4     92.7    201.1     28.2
    19     1    15     4    20    14     0     2   -11.0   66.815 -131.795    324.6    916.5    285.2    278.2      0.0    197.5     60.2    242.5     24.5
    20     1    15     4    20    14     0     2   -11.0   66.353 -130.507     17.2    963.8    276.3    273.4      0.0    218.1     98.7    142.5     22.9
    21     1    15     4    20    14     0     2   -11.0   66.688 -133.922    242.6    921.4    283.8    277.2      0.0     18.1     63.8    286.9     26.7
    22     1    15     4    20    14     0     2   -11.0   66.673 -130.552     41.3    957.3    277.2    273.7      0.0    229.5     96.9    166.0     24.8
    23     1    15     4    20    14     0     2   -11.0   66.552 -131.722    621.7    870.8    287.4    276.2      0.0    234.0     60.6    356.1     21.9
    24     1    15     4    20    14     0     2   -11.0   67.167 -132.551    250.0    929.7    283.5    277.6      0.0    176.8     66.1    198.8     28.4
    25     1    15     4    20    14     0     2   -11.0   66.421 -133.163     95.1    947.3    280.1    275.8      0.0     44.9     77.8    206.0     26.7
    26     1    15     4    20    14     0     2   -11.0   66.468 -130.756    301.6    905.4    285.6    277.6      0.0    221.0     63.5    361.1     21.7
    27     1    15     4    20    14     0     2   -11.0   66.861 -132.325    140.0    940.4    281.7    276.8      0.0     94.2     70.6    205.4     29.5
     1     1    15     4    20    13     0     1   -12.0   66.976 -130.137     28.5    990.3    274.5    273.8      0.0    265.6     96.6    150.2     10.8
     2     1    15     4    20    13     0     1   -12.0   65.871 -127.786    157.1    974.0    276.7    274.6      0.0    312.1     94.8    152.7     19.9
     3     1    15     4    20    13     0     1   -12.0   67.084 -131.884    565.4    922.8    285.5    279.0      0.0    142.8     57.8    190.2     14.6
     4     1    15     4    20    13     0     1   -12.0   66.266 -128.997    343.6    950.9    280.0    276.0      0.0    230.0     85.6    164.3     21.3
     5     1    15     4    20    13     0     1   -12.0   66.251 -126.790      5.9    977.3    275.4    273.5      0.0    533.6     95.7    276.9     11.2
     6     1    15     4    20    13     0     1   -12.0   67.038 -129.197    169.7    973.6    276.0    273.9      0.0    260.3     95.9    146.8     20.4
     7     1    15     4    20    13     0     1   -12.0   66.654 -131.132    512.4    926.8    284.4    278.3      0.0    151.9     64.2    207.3     13.0
     8     1    15     4    20    13     0     1   -12.0   66.137 -128.546    437.4    939.0    279.4    274.4      0.0    264.1     93.4    173.3     18.4
     9     1    15     4    20    13     0     1   -12.0   67.002 -130.823    351.0    952.2    279.1    275.2      0.0    126.0     87.2    150.4     13.3
    10     1    15     4    20    13     0     1   -12.0   67.042 -130.163    264.4    990.7    274.5    273.8      0.0    274.4     97.0    159.6     10.5
    11     1    15     4    20    13     0     1   -12.0   66.603 -127.490    367.1    960.8    276.1    273.0      0.0    503.8     97.7    305.6      8.6
    12     1    15     4    20    13     0     1   -12.0   67.141 -131.642    841.7    918.1    285.9    279.0      0.0    149.0     57.6    202.9     13.1
    13     1    15     4    20    13     0     1   -12.0   66.371 -128.980    580.6    952.8    279.1    275.3      0.0    245.3     90.3    156.9     21.3
    14     1    15     4    20    13     0     1   -12.0   66.471 -126.706    318.3    966.5    275.6    272.9      0.0    559.6     94.1    308.4     12.1
    15     1    15     4    20    13     0     1   -12.0   67.241 -129.957    431.0    961.3    276.3    273.2      0.0    260.2     98.6    240.6     16.2
    16     1    15     4    20    13     0     1   -12.0   66.999 -130.556    485.8    935.3    277.4    272.1      0.0    238.1     98.3    401.4     10.7
    17     1    15     4    20    13     0     1   -12.0   66.451 -128.034    316.7    974.9    275.6    273.6      0.0    372.4     98.4    241.1      9.5
    18     1    15     4    20    13     0     1   -12.0   67.082 -131.250    552.4    953.3    278.0    274.2      0.0    138.5     92.0    186.8     14.0
    19     1    15     4    20    13     0     1   -12.0   66.721 -132.078    299.4    923.1    284.7    278.3      0.0    166.1     62.1    202.9     13.6
    20     1    15     4    20    13     0     1   -12.0   66.211 -130.033     51.1    955.9    277.1    273.6      0.0    229.6     97.9    165.5     12.2
    21     1    15     4    20    13     0     1   -12.0   66.429 -134.373    214.4    910.8    284.8    277.3      0.0     27.0     61.0    406.8     13.3
    22     1    15     4    20    13     0     1   -12.0   66.535 -130.168     93.7    951.0    278.3    274.3      0.0    203.6     94.1    168.3     18.1
    23     1    15     4    20    13     0     1   -12.0   66.446 -132.152    615.1    877.8    287.6    277.1      0.0    219.4     56.4    297.5     11.0
    24     1    15     4    20    13     0     1   -12.0   67.069 -132.732    236.9    933.4    283.4    277.9      0.0    133.5     66.4    173.7     15.3
    25     1    15     4    20    13     0     1   -12.0   66.265 -133.394     69.9    942.3    281.4    276.6      0.0     22.9     72.6    271.2     13.3
    26     1    15     4    20    13     0     1   -12.0   66.392 -131.035    385.5    903.0    287.0    278.8      0.0    209.9     54.9    297.3     11.3
    27     1    15     4    20    13     0     1   -12.0   66.748 -132.516    111.5    937.7    282.6    277.4      0.0     53.6     67.5    267.3     14.6
