    10     1
    GFSG    15     4    13     0     0
    GFSG    15     4    14     0     0
    GFSG    15     4    15     0     0
    GFSG    15     4    16     0     0
    GFSG    15     4    17     0     0
    GFSG    15     4    18     0     0
    GFSG    15     4    19     0     0
    GFSG    15     4    20     0     0
    GFSG    15     4    21     0     0
    GFSG    15     4    22     0     0
    27 BACKWARD OMEGA   
    15     4    21     0   69.666 -134.247     0.5
    15     4    21     0   69.666 -134.247     0.5
    15     4    21     0   69.666 -134.247     0.5
    15     4    21     0   69.666 -134.247     0.5
    15     4    21     0   69.666 -134.247     0.5
    15     4    21     0   69.666 -134.247     0.5
    15     4    21     0   69.666 -134.247     0.5
    15     4    21     0   69.666 -134.247     0.5
    15     4    21     0   69.666 -134.247     0.5
    15     4    21     0   69.666 -134.247     0.5
    15     4    21     0   69.666 -134.247     0.5
    15     4    21     0   69.666 -134.247     0.5
    15     4    21     0   69.666 -134.247     0.5
    15     4    21     0   69.666 -134.247     0.5
    15     4    21     0   69.666 -134.247     0.5
    15     4    21     0   69.666 -134.247     0.5
    15     4    21     0   69.666 -134.247     0.5
    15     4    21     0   69.666 -134.247     0.5
    15     4    21     0   69.666 -134.247     0.5
    15     4    21     0   69.666 -134.247     0.5
    15     4    21     0   69.666 -134.247     0.5
    15     4    21     0   69.666 -134.247     0.5
    15     4    21     0   69.666 -134.247     0.5
    15     4    21     0   69.666 -134.247     0.5
    15     4    21     0   69.666 -134.247     0.5
    15     4    21     0   69.666 -134.247     0.5
    15     4    21     0   69.666 -134.247     0.5
     8 PRESSURE THETA    AIR_TEMP RAINFALL MIXDEPTH RELHUMID TERR_MSL SUN_FLUX
     1     1    15     4    21     0     0     0     0.0   69.666 -134.247    135.2    987.7    275.4    274.5      0.0    270.5     98.9     58.5    223.8
     2     1    15     4    21     0     0     0     0.0   69.666 -134.247    151.1    988.3    274.5    273.6      0.0    302.1     98.5     53.1    272.1
     3     1    15     4    21     0     0     0     0.0   69.666 -134.247    121.7    985.4    275.9    274.8      0.0    243.5     99.0     90.7    179.9
     4     1    15     4    21     0     0     0     0.0   69.666 -134.247    121.5    990.7    275.3    274.5      0.0    243.1     99.0     58.5    260.6
     5     1    15     4    21     0     0     0     0.0   69.666 -134.247    159.2    987.3    274.5    273.5      0.0    318.3     98.3     47.9    289.6
     6     1    15     4    21     0     0     0     0.0   69.666 -134.247    103.0    987.1    275.9    274.9      0.0    205.9     99.6     90.4    215.2
     7     1    15     4    21     0     0     0     0.0   69.666 -134.247    119.3    989.7    275.3    274.5      0.0    238.6     99.2     58.5    254.3
     8     1    15     4    21     0     0     0     0.0   69.666 -134.247    148.4    988.7    274.5    273.6      0.0    296.8     99.3     58.5    265.4
     9     1    15     4    21     0     0     0     0.0   69.666 -134.247    135.2    986.4    275.6    274.6      0.0    270.4     98.7     69.4    194.5
    10     1    15     4    21     0     0     0     0.0   69.666 -134.247    135.2   1003.2    274.6    274.9      0.0    270.5     98.3     58.5    223.8
    11     1    15     4    21     0     0     0     0.0   69.666 -134.247    151.1   1005.8    274.0    274.4      0.0    302.1     94.2     53.1    272.1
    12     1    15     4    21     0     0     0     0.0   69.666 -134.247    121.7    999.1    275.2    275.1      0.0    243.5     99.6     90.7    179.9
    13     1    15     4    21     0     0     0     0.0   69.666 -134.247    121.5   1004.5    274.5    274.9      0.0    243.1     98.2     58.5    260.6
    14     1    15     4    21     0     0     0     0.0   69.666 -134.247    159.2   1005.8    274.0    274.4      0.0    318.3     93.6     47.9    289.6
    15     1    15     4    21     0     0     0     0.0   69.666 -134.247    103.0    998.5    275.3    275.2      0.0    205.9     99.9     90.4    215.2
    16     1    15     4    21     0     0     0     0.0   69.666 -134.247    119.3   1003.2    274.6    274.9      0.0    238.6     98.3     58.5    254.3
    17     1    15     4    21     0     0     0     0.0   69.666 -134.247    148.4   1005.8    274.0    274.4      0.0    296.8     94.4     58.5    265.4
    18     1    15     4    21     0     0     0     0.0   69.666 -134.247    135.2   1001.8    274.9    275.0      0.0    270.4     99.6     69.4    194.5
    19     1    15     4    21     0     0     0     0.0   69.666 -134.247    135.2    957.6    277.1    273.7      0.0    270.5     99.1     58.5    223.8
    20     1    15     4    21     0     0     0     0.0   69.666 -134.247    151.1    958.1    276.7    273.3      0.0    302.1     99.1     53.1    272.1
    21     1    15     4    21     0     0     0     0.0   69.666 -134.247    121.7    955.4    277.0    273.4      0.0    243.5     99.5     90.7    179.9
    22     1    15     4    21     0     0     0     0.0   69.666 -134.247    121.5    960.5    277.3    274.1      0.0    243.1     98.5     58.5    260.6
    23     1    15     4    21     0     0     0     0.0   69.666 -134.247    159.2    957.1    276.8    273.4      0.0    318.3     98.8     47.9    289.6
    24     1    15     4    21     0     0     0     0.0   69.666 -134.247    103.0    957.1    277.5    274.0      0.0    205.9     99.1     90.4    215.2
    25     1    15     4    21     0     0     0     0.0   69.666 -134.247    119.3    959.5    276.7    273.4      0.0    238.6     99.6     58.5    254.3
    26     1    15     4    21     0     0     0     0.0   69.666 -134.247    148.4    958.4    276.6    273.2      0.0    296.8     99.4     58.5    265.4
    27     1    15     4    21     0     0     0     0.0   69.666 -134.247    135.2    956.3    276.6    273.0      0.0    270.4     99.8     69.4    194.5
     1     1    15     4    20    23     0     1    -1.0   69.483 -133.452    115.0    991.9    275.1    274.5      0.0    211.8     99.1     59.5    308.4
     2     1    15     4    20    23     0     1    -1.0   69.475 -133.114    137.8    990.4    274.6    273.8      0.0    320.2     98.3     35.2    319.3
     3     1    15     4    20    23     0     1    -1.0   69.489 -133.763    110.8    984.2    275.8    274.5      0.0    228.1     99.9    107.7    195.8
     4     1    15     4    20    23     0     1    -1.0   69.472 -133.389    142.4    986.4    275.5    274.4      0.0    263.3     99.8     58.5    297.7
     5     1    15     4    20    23     0     1    -1.0   69.468 -133.080    138.8    990.5    274.5    273.8      0.0    339.0     96.5     28.7    335.8
     6     1    15     4    20    23     0     1    -1.0   69.501 -133.715    100.8    989.8    275.6    274.8      0.0    181.0     99.9     72.3    272.4
     7     1    15     4    20    23     0     1    -1.0   69.490 -133.520    102.9    991.1    275.2    274.5      0.0    321.5     99.5     59.8    192.4
     8     1    15     4    20    23     0     1    -1.0   69.478 -133.156    138.6    989.4    274.6    273.7      0.0    314.2     98.6     58.5    284.6
     9     1    15     4    20    23     0     1    -1.0   69.462 -133.779    170.6    979.1    275.8    274.2      0.0    278.6     99.1    102.2    170.2
    10     1    15     4    20    23     0     1    -1.0   69.562 -133.667    251.9   1004.6    274.4    274.8      0.0    254.8     98.5     58.5    273.4
    11     1    15     4    20    23     0     1    -1.0   69.547 -133.385    249.5   1005.8    274.0    274.5      0.0    335.1     93.1     48.9    306.2
    12     1    15     4    20    23     0     1    -1.0   69.576 -133.901    250.8    996.7    275.1    274.8      0.0    244.5     99.9    107.5    185.0
    13     1    15     4    20    23     0     1    -1.0   69.548 -133.590    270.3   1002.1    274.7    274.8      0.0    257.5     98.2     56.0    305.0
    14     1    15     4    20    23     0     1    -1.0   69.546 -133.358    249.7   1006.7    274.0    274.6      0.0    340.9     92.1     26.7    336.2
    15     1    15     4    20    23     0     1    -1.0   69.572 -133.829    269.0    999.5    275.0    275.0      0.0    199.7     99.7     76.6    261.7
    16     1    15     4    20    23     0     1    -1.0   69.565 -133.724    261.2   1002.8    274.5    274.7      0.0    312.3     99.2     58.5    209.9
    17     1    15     4    20    23     0     1    -1.0   69.551 -133.419    249.4   1005.5    274.0    274.4      0.0    317.2     93.7     55.3    275.7
    18     1    15     4    20    23     0     1    -1.0   69.558 -133.928    270.2    999.3    274.9    274.8      0.0    303.0     99.3     90.9    172.9
    19     1    15     4    20    23     0     1    -1.0   69.406 -133.555    107.1    961.5    277.0    273.9      0.0    219.6     98.5     65.2    284.0
    20     1    15     4    20    23     0     1    -1.0   69.358 -133.314    123.2    961.1    276.6    273.4      0.0    296.3     99.1     50.0    306.8
    21     1    15     4    20    23     0     1    -1.0   69.443 -133.784    127.1    952.2    277.2    273.3      0.0    227.4     99.3    109.8    193.6
    22     1    15     4    20    23     0     1    -1.0   69.383 -133.547    118.9    959.2    277.2    273.9      0.0    232.7     98.4     59.3    301.6
    23     1    15     4    20    23     0     1    -1.0   69.345 -133.300    126.4    960.7    276.5    273.3      0.0    315.3     99.3     36.6    321.1
    24     1    15     4    20    23     0     1    -1.0   69.434 -133.788     98.1    958.6    277.2    273.9      0.0    187.6     98.6     83.7    260.4
    25     1    15     4    20    23     0     1    -1.0   69.420 -133.557    123.3    957.4    276.9    273.4      0.0    309.7     99.1     68.2    190.2
    26     1    15     4    20    23     0     1    -1.0   69.369 -133.329    120.5    960.9    276.6    273.4      0.0    303.1     98.9     58.5    264.5
    27     1    15     4    20    23     0     1    -1.0   69.431 -133.767    178.0    948.5    276.9    272.8      0.0    275.4     99.9    101.1    171.9
     1     1    15     4    20    22     0     2    -2.0   69.268 -132.684    146.6    986.7    275.3    274.2      0.0    266.2     99.5     58.6    303.4
     2     1    15     4    20    22     0     2    -2.0   69.272 -132.043    117.3    992.4    274.5    273.9      0.0    373.0     96.4     41.2    337.8
     3     1    15     4    20    22     0     2    -2.0   69.310 -133.326    109.1    986.2    275.4    274.3      0.0    222.9     99.7     99.7    253.9
     4     1    15     4    20    22     0     2    -2.0   69.238 -132.600    156.3    982.7    275.6    274.2      0.0    300.1     99.4     85.5    314.1
     5     1    15     4    20    22     0     2    -2.0   69.262 -131.994    124.3    992.1    274.5    273.8      0.0    349.2     95.3     41.7    357.5
     6     1    15     4    20    22     0     2    -2.0   69.313 -133.223    109.6    988.1    275.6    274.6      0.0    197.0     98.9     84.0    320.3
     7     1    15     4    20    22     0     2    -2.0   69.308 -132.819     95.1    992.5    274.9    274.3      0.0    246.8     99.2     66.4    290.1
     8     1    15     4    20    22     0     2    -2.0   69.273 -132.097    127.9    991.1    274.5    273.8      0.0    352.2     97.0     41.1    326.1
     9     1    15     4    20    22     0     2    -2.0   69.243 -133.399    176.5    977.3    275.6    273.8      0.0    288.0     99.8    109.7    186.9
    10     1    15     4    20    22     0     2    -2.0   69.426 -133.021    282.2   1000.7    274.5    274.6      0.0    274.4     98.4     58.7    306.7
    11     1    15     4    20    22     0     2    -2.0   69.416 -132.529    249.7   1006.9    273.9    274.5      0.0    363.1     91.9     32.0    343.6
    12     1    15     4    20    22     0     2    -2.0   69.480 -133.538    265.7    998.1    274.8    274.6      0.0    243.4     99.7     95.2    224.0
    13     1    15     4    20    22     0     2    -2.0   69.395 -132.872    289.8    999.4    274.6    274.5      0.0    322.4     99.1     62.0    302.4
    14     1    15     4    20    22     0     2    -2.0   69.413 -132.485    249.7   1006.8    273.9    274.5      0.0    383.4     91.8     32.2    349.1
    15     1    15     4    20    22     0     2    -2.0   69.449 -133.365    291.1    999.0    274.9    274.8      0.0    185.9     99.9     63.6    311.6
    16     1    15     4    20    22     0     2    -2.0   69.449 -133.173    265.8   1003.0    274.3    274.5      0.0    284.0     98.7     62.9    264.0
    17     1    15     4    20    22     0     2    -2.0   69.418 -132.577    250.8   1006.6    273.9    274.5      0.0    345.5     93.4     36.0    326.5
    18     1    15     4    20    22     0     2    -2.0   69.436 -133.584    276.9    994.9    274.9    274.5      0.0    299.6     99.9    113.1    171.4
    19     1    15     4    20    22     0     2    -2.0   69.123 -133.018    113.9    960.4    276.6    273.4      0.0    206.0     99.0     59.4    306.6
    20     1    15     4    20    22     0     2    -2.0   69.028 -132.506    121.3    959.7    276.4    273.2      0.0    347.0     99.6     56.7    296.9
    21     1    15     4    20    22     0     2    -2.0   69.196 -133.476    131.8    950.2    277.1    273.1      0.0    243.4     98.2    127.2    221.3
    22     1    15     4    20    22     0     2    -2.0   69.080 -132.996    126.9    958.9    276.7    273.4      0.0    230.2     98.9     59.0    306.8
    23     1    15     4    20    22     0     2    -2.0   69.005 -132.470     96.7    962.6    276.3    273.3      0.0    353.5     99.2     58.2    321.9
    24     1    15     4    20    22     0     2    -2.0   69.175 -133.439     55.0    964.4    276.4    273.6      0.0    191.8     98.5     84.6    321.6
    25     1    15     4    20    22     0     2    -2.0   69.152 -133.025    115.1    957.9    276.7    273.3      0.0    246.0     98.7     81.9    250.5
    26     1    15     4    20    22     0     2    -2.0   69.054 -132.530    119.5    960.2    276.5    273.3      0.0    297.7     98.9     55.3    309.9
    27     1    15     4    20    22     0     2    -2.0   69.166 -133.448    197.7    945.8    277.2    272.8      0.0    297.8     98.8    104.6    185.6
     1     1    15     4    20    21     0     3    -3.0   69.025 -132.037    170.1    977.7    275.7    273.9      0.0    294.3     99.8    115.0    319.7
     2     1    15     4    20    21     0     3    -3.0   69.069 -131.088    105.8    995.9    274.1    273.8      0.0    346.5     95.2     31.5    346.2
     3     1    15     4    20    21     0     3    -3.0   69.110 -132.965    100.5    989.7    275.0    274.2      0.0    223.5     99.0     87.2    319.6
     4     1    15     4    20    21     0     3    -3.0   68.981 -131.943    158.9    978.0    275.7    274.0      0.0    334.5     98.9    124.3    372.1
     5     1    15     4    20    21     0     3    -3.0   69.054 -131.057    114.8    995.3    274.3    273.9      0.0    425.2     92.1     26.7    352.8
     6     1    15     4    20    21     0     3    -3.0   69.055 -132.823    223.2    963.8    276.2    273.3      0.0    262.7     99.1    177.6    330.7
     7     1    15     4    20    21     0     3    -3.0   69.100 -132.168    117.1    991.1    274.8    274.1      0.0    249.1     99.6     58.6    310.9
     8     1    15     4    20    21     0     3    -3.0   69.063 -131.133    110.3    992.4    274.4    273.8      0.0    352.9     96.3     54.6    349.9
     9     1    15     4    20    21     0     3    -3.0   69.005 -133.129    177.4    974.0    275.4    273.3      0.0    341.9    100.0    138.0    204.0
    10     1    15     4    20    21     0     3    -3.0   69.259 -132.344    304.0    997.6    274.5    274.3      0.0    322.6     99.1     68.2    312.9
    11     1    15     4    20    21     0     3    -3.0   69.275 -131.716    251.8   1006.6    273.7    274.3      0.0    391.3     92.9     41.0    361.1
    12     1    15     4    20    21     0     3    -3.0   69.354 -133.131    291.6    997.9    274.6    274.4      0.0    226.6     99.9     78.8    291.0
    13     1    15     4    20    21     0     3    -3.0   69.235 -132.192    304.3    994.6    274.7    274.3      0.0    331.1     98.3     92.6    346.3
    14     1    15     4    20    21     0     3    -3.0   69.271 -131.667    262.9   1007.4    273.7    274.3      0.0    401.3     91.1     31.5    352.5
    15     1    15     4    20    21     0     3    -3.0   69.274 -132.911    343.4    986.8    275.3    274.2      0.0    243.9     99.2    116.2    324.7
    16     1    15     4    20    21     0     3    -3.0   69.296 -132.541    295.5    999.8    274.3    274.3      0.0    274.4     98.6     59.6    309.3
    17     1    15     4    20    21     0     3    -3.0   69.276 -131.771    252.9   1006.6    273.7    274.3      0.0    398.1     93.6     40.9    344.3
    18     1    15     4    20    21     0     3    -3.0   69.310 -133.232    286.2    994.2    274.6    274.1      0.0    316.1     99.8    112.9    201.6
    19     1    15     4    20    21     0     3    -3.0   68.829 -132.647    125.2    956.7    276.2    272.7      0.0    223.8     99.4     85.1    320.5
    20     1    15     4    20    21     0     3    -3.0   68.679 -131.858    105.7    957.3    276.3    272.9      0.0    327.7     99.1     99.8    334.1
    21     1    15     4    20    21     0     3    -3.0   68.921 -133.307    105.2    952.4    276.5    272.7      0.0    289.7     97.4    142.0    256.4
    22     1    15     4    20    21     0     3    -3.0   68.757 -132.587    156.9    942.8    276.9    272.3      0.0    295.8     99.2    171.8    318.1
    23     1    15     4    20    21     0     3    -3.0   68.652 -131.759     78.3    962.0    276.0    273.0      0.0    347.5     99.1     87.9    380.8
    24     1    15     4    20    21     0     3    -3.0   68.893 -133.175     80.1    952.1    276.5    272.7      0.0    248.3     98.1    169.8    322.0
    25     1    15     4    20    21     0     3    -3.0   68.873 -132.690    124.4    957.2    276.2    272.8      0.0    233.6     99.1     82.0    280.6
    26     1    15     4    20    21     0     3    -3.0   68.718 -131.924    133.3    958.2    276.1    272.7      0.0    305.4     99.7     64.1    310.8
    27     1    15     4    20    21     0     3    -3.0   68.868 -133.283    212.8    942.9    277.3    272.7      0.0    344.3     96.3    113.7    213.1
     1     1    15     4    20    20     0     2    -4.0   68.735 -131.482    211.3    964.0    276.1    273.2      0.0    382.6     99.6    179.7    269.3
     2     1    15     4    20    20     0     2    -4.0   68.863 -130.282    111.8    991.7    274.5    273.9      0.0    473.1     91.5     61.9    301.7
     3     1    15     4    20    20     0     2    -4.0   68.871 -132.686    151.2    972.5    275.6    273.4      0.0    283.8     98.4    179.7    265.3
     4     1    15     4    20    20     0     2    -4.0   68.701 -131.339    125.2    976.1    275.6    273.7      0.0    417.0     98.1    169.7    305.0
     5     1    15     4    20    20     0     2    -4.0   68.824 -130.245    138.2    984.1    274.7    273.4      0.0    524.7     91.0     96.6    317.8
     6     1    15     4    20    20     0     2    -4.0   68.746 -132.482    274.4    946.6    276.6    272.3      0.0    349.5     99.1    271.9    229.0
     7     1    15     4    20    20     0     2    -4.0   68.866 -131.608    148.7    976.9    275.6    273.7      0.0    335.8     99.2    145.6    260.0
     8     1    15     4    20    20     0     2    -4.0   68.857 -130.297    105.1    994.3    274.4    274.0      0.0    388.8     93.5     43.4    288.0
     9     1    15     4    20    20     0     2    -4.0   68.745 -132.939    202.1    968.3    275.7    273.2      0.0    318.6     98.9    162.9    215.6
    10     1    15     4    20    20     0     2    -4.0   69.074 -131.701    337.5    988.5    275.0    274.1      0.0    364.2     98.1     97.9    275.8
    11     1    15     4    20    20     0     2    -4.0   69.138 -130.964    261.6   1008.0    273.7    274.3      0.0    390.0     91.3     30.5    271.7
    12     1    15     4    20    20     0     2    -4.0   69.180 -132.747    317.9    991.8    274.9    274.3      0.0    267.6     98.7    103.8    269.2
    13     1    15     4    20    20     0     2    -4.0   69.055 -131.573    310.9    995.4    274.7    274.3      0.0    395.9     97.3     63.1    314.4
    14     1    15     4    20    20     0     2    -4.0   69.136 -130.925    275.1   1005.9    273.7    274.2      0.0    484.0     91.3     32.7    276.3
    15     1    15     4    20    20     0     2    -4.0   69.003 -132.497    410.9    961.8    276.2    273.1      0.0    365.4     99.8    255.3    253.4
    16     1    15     4    20    20     0     2    -4.0   69.116 -131.907    320.1    995.5    274.6    274.3      0.0    325.5     98.2     71.6    253.2
    17     1    15     4    20    20     0     2    -4.0   69.136 -131.015    256.7   1006.3    273.7    274.2      0.0    371.4     93.1     31.2    282.8
    18     1    15     4    20    20     0     2    -4.0   69.161 -132.913    306.3    990.1    274.7    273.9      0.0    309.0     99.7    128.4    196.7
    19     1    15     4    20    20     0     2    -4.0   68.507 -132.360    212.4    935.0    277.9    272.6      0.0    296.4     94.6    184.7    274.2
    20     1    15     4    20    20     0     2    -4.0   68.319 -131.314    102.4    951.0    276.4    272.5      0.0    390.4     99.3    145.5    286.6
    21     1    15     4    20    20     0     2    -4.0   68.620 -133.163     96.7    945.1    277.3    272.8      0.0    306.8     95.0    214.7    240.4
    22     1    15     4    20    20     0     2    -4.0   68.411 -132.221    210.0    926.7    278.5    272.5      0.0    369.4     93.9    258.7    244.1
    23     1    15     4    20    20     0     2    -4.0   68.277 -131.113     71.0    956.6    276.1    272.6      0.0    434.6     98.8    140.1    318.4
    24     1    15     4    20    20     0     2    -4.0   68.585 -132.976    181.8    926.0    280.4    274.3      0.0    323.3     82.3    293.2    228.8
    25     1    15     4    20    20     0     2    -4.0   68.579 -132.457     62.9    963.4    275.6    272.7      0.0    265.0     99.2     94.0    269.8
    26     1    15     4    20    20     0     2    -4.0   68.372 -131.450    152.7    945.0    276.7    272.3      0.0    352.5     99.2    157.3    261.2
    27     1    15     4    20    20     0     2    -4.0   68.550 -133.206    238.1    939.5    278.2    273.3      0.0    316.0     91.7    120.4    214.1
     1     1    15     4    20    19     0     1    -5.0   68.407 -130.886    173.3    960.3    276.2    273.0      0.0    408.4     99.4    254.8    204.0
     2     1    15     4    20    19     0     1    -5.0   68.571 -129.474    222.2    963.9    275.0    272.2      0.0    550.5     94.4    177.0    213.9
     3     1    15     4    20    19     0     1    -5.0   68.585 -132.389    245.6    947.5    276.3    272.1      0.0    338.9     98.5    291.2    180.0
     4     1    15     4    20    19     0     1    -5.0   68.414 -130.632    115.8    972.8    275.4    273.2      0.0    397.1     99.2    203.6    207.3
     5     1    15     4    20    19     0     1    -5.0   68.476 -129.417    262.5    948.0    275.1    271.0      0.0    595.9     98.0    268.8    184.9
     6     1    15     4    20    19     0     1    -5.0   68.448 -132.070    261.7    950.7    276.7    272.7      0.0    331.1     97.7    247.8    171.9
     7     1    15     4    20    19     0     1    -5.0   68.569 -131.068    211.4    958.3    276.2    272.8      0.0    415.0     99.6    234.4    192.4
     8     1    15     4    20    19     0     1    -5.0   68.600 -129.526    153.1    980.3    275.0    273.4      0.0    500.7     91.9    112.1    226.7
     9     1    15     4    20    19     0     1    -5.0   68.454 -132.746    254.5    955.1    276.2    272.6      0.0    322.2     98.3    218.7    193.0
    10     1    15     4    20    19     0     1    -5.0   68.855 -131.091    335.1    986.3    275.1    274.0      0.0    425.5     97.1    122.8    217.2
    11     1    15     4    20    19     0     1    -5.0   69.007 -130.283    284.9   1003.2    273.9    274.2      0.0    489.4     90.3     44.0    210.9
    12     1    15     4    20    19     0     1    -5.0   68.913 -132.390    465.7    961.4    275.9    272.8      0.0    331.7     99.1    203.5    208.1
    13     1    15     4    20    19     0     1    -5.0   68.819 -130.941    352.4    983.8    275.0    273.7      0.0    451.0     95.2    131.9    225.5
    14     1    15     4    20    19     0     1    -5.0   68.973 -130.218    306.4    997.5    274.1    273.9      0.0    563.6     88.9     67.8    223.0
    15     1    15     4    20    19     0     1    -5.0   68.699 -132.053    450.9    956.5    276.1    272.6      0.0    370.0     99.1    258.2    179.8
    16     1    15     4    20    19     0     1    -5.0   68.902 -131.295    379.7    979.0    275.4    273.7      0.0    407.6     98.3    141.4    202.4
    17     1    15     4    20    19     0     1    -5.0   69.007 -130.322    262.1   1007.8    273.7    274.3      0.0    377.6     91.6     30.5    198.5
    18     1    15     4    20    19     0     1    -5.0   68.980 -132.675    303.0    991.2    274.7    274.0      0.0    320.3     99.2    121.9    197.7
    19     1    15     4    20    19     0     1    -5.0   68.173 -132.179    246.0    920.8    281.3    274.7      0.0    350.9     77.9    272.9    182.9
    20     1    15     4    20    19     0     1    -5.0   67.954 -130.708     24.8    952.0    276.5    272.6      0.0    411.2     99.1    225.9    218.4
    21     1    15     4    20    19     0     1    -5.0   68.318 -132.995    120.3    937.6    278.0    272.9      0.0    287.5     92.6    253.5    183.1
    22     1    15     4    20    19     0     1    -5.0   68.084 -131.961    271.0    919.3    281.5    274.8      0.0    354.1     76.0    260.4    175.5
    23     1    15     4    20    19     0     1    -5.0   67.907 -130.403     26.1    954.2    276.1    272.4      0.0    399.4     99.5    199.4    191.1
    24     1    15     4    20    19     0     1    -5.0   68.288 -132.833    216.0    923.7    281.3    275.0      0.0    281.9     76.9    278.0    164.2
    25     1    15     4    20    19     0     1    -5.0   68.280 -132.215     40.8    952.3    276.1    272.3      0.0    320.7     98.9    208.4    204.4
    26     1    15     4    20    19     0     1    -5.0   68.003 -130.996    227.7    924.9    278.4    272.2      0.0    415.5     94.7    255.1    189.6
    27     1    15     4    20    19     0     1    -5.0   68.248 -133.141    267.2    934.9    278.9    273.5      0.0    306.2     89.4    128.9    169.0
     1     1    15     4    20    18     0     0    -6.0   68.132 -130.248    122.7    966.9    275.9    273.2      0.0    341.3     99.1    251.0    118.0
     2     1    15     4    20    18     0     0    -6.0   68.184 -128.665    293.4    952.9    274.9    271.1      0.0    556.5     98.1    195.6     97.6
     3     1    15     4    20    18     0     0    -6.0   68.312 -132.067    184.7    958.6    275.7    272.4      0.0    299.8     99.4    257.7    137.1
     4     1    15     4    20    18     0     0    -6.0   68.191 -129.967     75.9    982.0    275.0    273.5      0.0    369.7     97.3    173.1     92.4
     5     1    15     4    20    18     0     0    -6.0   68.109 -128.602    272.1    953.5    274.5    270.8      0.0    588.4     97.3    211.1    104.5
     6     1    15     4    20    18     0     0    -6.0   68.169 -131.627    282.5    953.6    277.4    273.6      0.0    300.3     94.0    202.8    131.3
     7     1    15     4    20    18     0     0    -6.0   68.234 -130.490    234.0    948.9    276.6    272.5      0.0    392.4     98.7    289.9    123.4
     8     1    15     4    20    18     0     0    -6.0   68.236 -128.713    321.2    945.9    275.6    271.2      0.0    531.5     98.9    227.0     96.3
     9     1    15     4    20    18     0     0    -6.0   68.183 -132.567    270.4    953.5    275.9    272.2      0.0    272.3     99.3    214.8    132.6
    10     1    15     4    20    18     0     0    -6.0   68.605 -130.434    335.6    980.8    275.0    273.5      0.0    426.3     97.4    171.7    131.8
    11     1    15     4    20    18     0     0    -6.0   68.805 -129.577    347.4    987.2    274.4    273.4      0.0    584.7     88.6    108.6    125.4
    12     1    15     4    20    18     0     0    -6.0   68.598 -132.001    479.4    950.0    276.2    272.2      0.0    366.7     98.7    282.1    136.0
    13     1    15     4    20    18     0     0    -6.0   68.540 -130.169    352.9    976.5    274.9    273.1      0.0    442.7     96.2    189.1     98.3
    14     1    15     4    20    18     0     0    -6.0   68.703 -129.481    394.1    970.9    274.3    272.0      0.0    637.7     91.7    194.0    114.3
    15     1    15     4    20    18     0     0    -6.0   68.400 -131.549    501.1    947.4    277.0    272.8      0.0    334.6     97.7    283.3    118.8
    16     1    15     4    20    18     0     0    -6.0   68.617 -130.660    409.8    966.8    275.7    273.0      0.0    446.4     98.9    213.2    132.2
    17     1    15     4    20    18     0     0    -6.0   68.860 -129.663    301.2    997.8    274.2    274.0      0.0    521.2     89.4     69.9    128.0
    18     1    15     4    20    18     0     0    -6.0   68.774 -132.481    287.4    985.3    274.9    273.8      0.0    348.0     98.2    184.0    160.9
    19     1    15     4    20    18     0     0    -6.0   67.859 -131.997    168.7    930.9    280.2    274.5      0.0    312.0     81.8    260.7    138.3
    20     1    15     4    20    18     0     0    -6.0   67.633 -130.067      0.0    956.5    276.4    272.9      0.0    341.6     99.1    242.0    109.3
    21     1    15     4    20    18     0     0    -6.0   68.062 -132.825    120.7    940.7    277.6    272.8      0.0    236.0     93.9    224.5    126.8
    22     1    15     4    20    18     0     0    -6.0   67.822 -131.840    311.6    918.5    282.9    276.1      0.0    317.5     66.6    227.1    133.0
    23     1    15     4    20    18     0     0    -6.0   67.596 -129.736      0.0    960.1    275.8    272.6      0.0    384.8     99.2    181.8     90.2
    24     1    15     4    20    18     0     0    -6.0   68.053 -132.675    141.7    938.5    279.3    274.3      0.0    233.7     84.5    222.9    135.4
    25     1    15     4    20    18     0     0    -6.0   67.968 -131.946    104.4    932.3    278.5    272.9      0.0    340.0     91.0    313.3    128.5
    26     1    15     4    20    18     0     0    -6.0   67.657 -130.701    275.3    916.1    281.0    274.0      0.0    378.2     80.7    283.0    125.1
    27     1    15     4    20    18     0     0    -6.0   67.985 -133.052    273.9    934.2    279.0    273.6      0.0    286.3     89.6    126.5    101.5
     1     1    15     4    20    17     0     1    -7.0   67.941 -129.710     60.1    980.4    275.3    273.7      0.0    328.2     98.9    201.1     74.7
     2     1    15     4    20    17     0     1    -7.0   67.839 -127.834    276.6    950.8    275.0    271.1      0.0    596.9     97.4    229.2     86.2
     3     1    15     4    20    17     0     1    -7.0   68.110 -131.726     78.3    981.0    275.2    273.7      0.0    265.5     98.5    176.1    106.6
     4     1    15     4    20    17     0     1    -7.0   67.984 -129.380     92.4    978.4    275.3    273.6      0.0    426.2     96.1    172.1     70.4
     5     1    15     4    20    17     0     1    -7.0   67.767 -127.783    207.4    957.3    274.7    271.3      0.0    640.9     94.6    229.9     90.6
     6     1    15     4    20    17     0     1    -7.0   67.912 -131.184    294.4    949.2    277.5    273.4      0.0    282.9     96.6    230.5     85.7
     7     1    15     4    20    17     0     1    -7.0   67.952 -129.912    173.6    957.0    276.5    273.0      0.0    324.4     98.9    285.4     93.0
     8     1    15     4    20    17     0     1    -7.0   67.893 -127.907    252.0    960.1    275.1    271.9      0.0    536.4     96.1    180.4     76.8
     9     1    15     4    20    17     0     1    -7.0   67.960 -132.376    253.0    957.5    276.0    272.6      0.0    240.4     98.6    183.3     96.6
    10     1    15     4    20    17     0     1    -7.0   68.369 -129.722    286.3    984.4    274.8    273.6      0.0    421.9     96.4    186.5     76.6
    11     1    15     4    20    17     0     1    -7.0   68.467 -128.797    460.6    957.0    274.6    271.1      0.0    645.9     96.5    235.3     83.7
    12     1    15     4    20    17     0     1    -7.0   68.326 -131.566    433.3    963.3    275.9    272.9      0.0    315.3     98.5    222.2    104.0
    13     1    15     4    20    17     0     1    -7.0   68.294 -129.421    333.9    977.9    275.0    273.3      0.0    479.9     94.8    184.3     67.7
    14     1    15     4    20    17     0     1    -7.0   68.355 -128.728    410.5    967.2    274.1    271.5      0.0    640.0     93.9    213.5     85.4
    15     1    15     4    20    17     0     1    -7.0   68.122 -131.066    530.6    946.8    277.4    273.1      0.0    308.1     98.2    265.2     83.0
    16     1    15     4    20    17     0     1    -7.0   68.336 -129.983    355.7    971.7    275.5    273.3      0.0    383.5     98.3    232.2    101.6
    17     1    15     4    20    17     0     1    -7.0   68.595 -128.910    425.6    969.7    274.7    272.3      0.0    610.0     93.2    158.2     93.3
    18     1    15     4    20    17     0     1    -7.0   68.545 -132.229    314.7    969.7    275.5    273.1      0.0    325.7     98.7    268.6    106.6
    19     1    15     4    20    17     0     1    -7.0   67.604 -131.700     39.3    956.2    277.2    273.7      0.0    265.8     92.6    173.2    106.8
    20     1    15     4    20    17     0     1    -7.0   67.351 -129.526      0.0    961.6    276.3    273.2      0.0    332.1     98.9    182.1     71.5
    21     1    15     4    20    17     0     1    -7.0   67.852 -132.650    103.3    943.6    278.0    273.4      0.0    240.4     91.4    206.5     96.8
    22     1    15     4    20    17     0     1    -7.0   67.622 -131.744    356.8    918.6    282.4    275.6      0.0    290.8     71.1    188.6    103.3
    23     1    15     4    20    17     0     1    -7.0   67.286 -129.103      0.6    956.1    276.2    272.7      0.0    454.6     97.9    201.9     62.7
    24     1    15     4    20    17     0     1    -7.0   67.861 -132.434      0.0    962.0    276.1    273.1      0.0    228.2     97.0    186.9    110.8
    25     1    15     4    20    17     0     1    -7.0   67.696 -131.684     67.8    945.1    277.3    272.8      0.0    270.8     95.0    225.5    100.6
    26     1    15     4    20    17     0     1    -7.0   67.379 -130.487    311.7    911.7    281.2    273.9      0.0    331.2     81.2    291.5     89.9
    27     1    15     4    20    17     0     1    -7.0   67.749 -132.980    249.3    937.8    279.3    274.2      0.0    260.8     86.3    106.3     83.1
     1     1    15     4    20    16     0     2    -8.0   67.770 -129.214     91.5    975.8    275.6    273.7      0.0    380.2     98.0    209.1     46.6
     2     1    15     4    20    16     0     2    -8.0   67.467 -127.006    298.5    939.2    275.3    270.4      0.0    638.9     99.7    297.6     64.2
     3     1    15     4    20    16     0     2    -8.0   67.948 -131.338    108.7    979.0    275.6    273.9      0.0    268.9     96.8    167.9     72.9
     4     1    15     4    20    16     0     2    -8.0   67.733 -128.758    106.9    972.2    275.8    273.6      0.0    495.2     94.7    217.9     51.2
     5     1    15     4    20    16     0     2    -8.0   67.407 -126.968    189.6    957.4    274.7    271.3      0.0    662.3     94.9    262.3     64.3
     6     1    15     4    20    16     0     2    -8.0   67.684 -130.753    291.3    952.9    277.1    273.3      0.0    275.2     99.0    200.1     54.6
     7     1    15     4    20    16     0     2    -8.0   67.743 -129.401     67.5    973.5    275.8    273.7      0.0    340.8     98.9    250.6     47.2
     8     1    15     4    20    16     0     2    -8.0   67.545 -127.095    269.0    948.2    275.6    271.4      0.0    615.6     96.6    255.0     65.9
     9     1    15     4    20    16     0     2    -8.0   67.762 -132.099    245.2    956.9    276.4    273.0      0.0    257.7     97.2    207.6     66.2
    10     1    15     4    20    16     0     2    -8.0   68.182 -129.117    293.2    984.6    274.9    273.6      0.0    448.8     96.1    177.4     50.3
    11     1    15     4    20    16     0     2    -8.0   68.117 -128.006    482.7    955.9    274.6    271.1      0.0    633.5     96.6    232.0     61.9
    12     1    15     4    20    16     0     2    -8.0   68.079 -131.090    446.9    965.9    276.4    273.6      0.0    290.5     97.3    187.3     70.5
    13     1    15     4    20    16     0     2    -8.0   68.057 -128.767    337.3    977.1    275.4    273.6      0.0    538.8     91.9    198.7     60.7
    14     1    15     4    20    16     0     2    -8.0   68.018 -127.945    404.3    968.1    274.3    271.7      0.0    665.9     92.5    199.2     64.3
    15     1    15     4    20    16     0     2    -8.0   67.860 -130.629    556.8    944.7    277.6    273.1      0.0    313.6     99.2    253.8     46.5
    16     1    15     4    20    16     0     2    -8.0   68.121 -129.356    298.6    980.3    275.1    273.6      0.0    367.5     97.8    208.9     55.5
    17     1    15     4    20    16     0     2    -8.0   68.223 -128.106    497.4    958.7    274.8    271.5      0.0    610.6     96.6    192.5     57.2
    18     1    15     4    20    16     0     2    -8.0   68.314 -131.879    358.6    965.8    275.6    272.9      0.0    290.1     99.1    263.0     66.7
    19     1    15     4    20    16     0     2    -8.0   67.383 -131.298     15.2    956.6    277.3    273.8      0.0    262.2     93.5    198.0     71.3
    20     1    15     4    20    16     0     2    -8.0   67.044 -128.984     57.3    941.4    277.7    272.9      0.0    411.8     99.6    285.4     36.1
    21     1    15     4    20    16     0     2    -8.0   67.663 -132.445     78.5    947.2    278.3    274.0      0.0    259.1     89.4    211.2     69.2
    22     1    15     4    20    16     0     2    -8.0   67.470 -131.662    410.5    914.1    283.2    276.0      0.0    275.0     70.2    170.9     72.1
    23     1    15     4    20    16     0     2    -8.0   66.956 -128.391     11.8    950.6    276.6    272.6      0.0    466.6     98.4    245.7     51.0
    24     1    15     4    20    16     0     2    -8.0   67.679 -132.056     28.0    947.7    278.3    274.1      0.0    238.1     89.7    255.6     71.6
    25     1    15     4    20    16     0     2    -8.0   67.487 -131.343      0.0    969.5    275.7    273.3      0.0    235.1     98.1    160.9     71.1
    26     1    15     4    20    16     0     2    -8.0   67.154 -130.275    368.6    910.4    281.4    273.9      0.0    303.6     83.5    244.4     63.6
    27     1    15     4    20    16     0     2    -8.0   67.538 -132.953    201.7    943.8    279.2    274.6      0.0    232.6     84.9    109.8     61.4
     1     1    15     4    20    15     0     3    -9.0   67.533 -128.629    131.8    966.6    276.2    273.5      0.0    459.7     99.1    244.7     24.9
     2     1    15     4    20    15     0     3    -9.0   67.082 -126.174    315.7    940.6    275.2    270.4      0.0    671.9     99.2    276.0     44.4
     3     1    15     4    20    15     0     3    -9.0   67.770 -130.897    140.3    963.8    276.4    273.5      0.0    251.6     98.5    259.6     35.4
     4     1    15     4    20    15     0     3    -9.0   67.449 -128.021    164.0    956.6    276.4    272.9      0.0    521.1     94.9    296.1     31.2
     5     1    15     4    20    15     0     3    -9.0   67.075 -126.162    153.1    961.0    274.6    271.5      0.0    674.5     94.5    267.5     46.8
     6     1    15     4    20    15     0     3    -9.0   67.471 -130.240    436.8    930.3    278.9    273.2      0.0    308.5     98.0    247.1     33.2
     7     1    15     4    20    15     0     3    -9.0   67.623 -129.018     44.5    983.1    275.5    274.2      0.0    345.0     98.4    196.2     31.8
     8     1    15     4    20    15     0     3    -9.0   67.153 -126.270    347.9    936.1    275.7    270.6      0.0    641.0     99.2    283.2     40.0
     9     1    15     4    20    15     0     3    -9.0   67.576 -131.717    230.8    958.2    276.6    273.2      0.0    275.5     97.4    215.8     32.0
    10     1    15     4    20    15     0     3    -9.0   67.993 -128.565    302.7    985.1    275.1    274.0      0.0    519.5     93.4    169.6     38.7
    11     1    15     4    20    15     0     3    -9.0   67.786 -127.221    379.8    968.7    274.6    272.1      0.0    665.0     92.5    225.8     40.0
    12     1    15     4    20    15     0     3    -9.0   67.845 -130.622    462.1    958.6    276.8    273.5      0.0    261.2     98.7    229.1     33.4
    13     1    15     4    20    15     0     3    -9.0   67.752 -128.036    403.2    959.6    276.0    272.7      0.0    596.9     92.9    278.8     36.0
    14     1    15     4    20    15     0     3    -9.0   67.714 -127.212    314.0    976.0    274.4    272.5      0.0    665.0     90.1    231.5     42.0
    15     1    15     4    20    15     0     3    -9.0   67.616 -130.107    572.4    939.5    278.2    273.3      0.0    334.5     98.9    279.3     31.6
    16     1    15     4    20    15     0     3    -9.0   67.972 -128.843    293.3    986.0    274.9    273.8      0.0    365.1     97.0    171.9     31.9
    17     1    15     4    20    15     0     3    -9.0   67.886 -127.314    469.5    957.8    275.1    271.7      0.0    655.8     95.2    226.4     40.0
    18     1    15     4    20    15     0     3    -9.0   68.141 -131.497    294.0    982.9    274.9    273.6      0.0    253.3     98.5    195.5     32.0
    19     1    15     4    20    15     0     3    -9.0   67.185 -130.887     51.0    942.2    277.6    272.9      0.0    240.6     97.7    283.6     34.3
    20     1    15     4    20    15     0     3    -9.0   66.714 -128.359     18.0    952.6    277.2    273.4      0.0    399.9     98.8    228.2     25.0
    21     1    15     4    20    15     0     3    -9.0   67.491 -132.163     72.3    946.9    278.6    274.3      0.0    278.6     88.4    221.8     32.3
    22     1    15     4    20    15     0     3    -9.0   67.353 -131.690    487.9    899.6    285.2    276.7      0.0    262.2     64.9    219.6     37.6
    23     1    15     4    20    15     0     3    -9.0   66.616 -127.601     28.0    940.7    277.0    272.2      0.0    489.8     99.4    318.6     32.2
    24     1    15     4    20    15     0     3    -9.0   67.538 -131.808    186.4    919.8    282.7    276.0      0.0    221.9     75.5    340.6     32.6
    25     1    15     4    20    15     0     3    -9.0   67.290 -130.915     22.7    952.3    277.5    273.6      0.0    254.2     94.0    225.9     36.6
    26     1    15     4    20    15     0     3    -9.0   66.992 -130.163    494.0    897.1    284.6    275.9      0.0    280.0     70.1    233.9     34.6
    27     1    15     4    20    15     0     3    -9.0   67.360 -132.942    153.2    949.5    278.8    274.7      0.0    183.3     85.9    118.2     39.3
     1     1    15     4    20    14     0     2   -10.0   67.284 -127.957    115.6    970.3    275.9    273.6      0.0    452.7     96.1    238.1     19.0
     2     1    15     4    20    14     0     2   -10.0   66.708 -125.330    315.6    937.9    275.5    270.5      0.0    671.8     98.7    304.0     28.9
     3     1    15     4    20    14     0     2   -10.0   67.617 -130.482     50.0    985.7    275.0    273.9      0.0    247.0     97.0    172.3     21.3
     4     1    15     4    20    14     0     2   -10.0   67.142 -127.210    161.0    955.8    276.0    272.4      0.0    528.4     96.6    306.5     22.8
     5     1    15     4    20    14     0     2   -10.0   66.771 -125.364    134.7    962.6    274.4    271.4      0.0    661.2     95.2    268.7     29.6
     6     1    15     4    20    14     0     2   -10.0   67.271 -129.780    428.3    932.4    279.6    274.1      0.0    289.0     93.8    240.9     31.1
     7     1    15     4    20    14     0     2   -10.0   67.423 -128.501    152.1    957.8    276.5    273.1      0.0    435.0     99.8    284.1     16.8
     8     1    15     4    20    14     0     2   -10.0   66.759 -125.448    416.1    925.8    276.3    270.3      0.0    623.3     98.8    311.5     29.4
     9     1    15     4    20    14     0     2   -10.0   67.420 -131.334    319.0    943.2    278.7    274.0      0.0    223.7     89.3    261.4     22.8
    10     1    15     4    20    14     0     2   -10.0   67.736 -127.916    333.5    972.7    275.7    273.5      0.0    551.7     92.0    237.1     23.8
    11     1    15     4    20    14     0     2   -10.0   67.455 -126.445    338.8    970.1    274.7    272.3      0.0    654.2     91.3    246.4     26.7
    12     1    15     4    20    14     0     2   -10.0   67.643 -130.133    444.3    965.1    276.3    273.5      0.0    288.2     98.2    184.1     20.2
    13     1    15     4    20    14     0     2   -10.0   67.414 -127.217    442.2    953.5    275.7    272.0      0.0    572.9     96.3    296.6     25.7
    14     1    15     4    20    14     0     2   -10.0   67.455 -126.566    259.4    984.1    274.1    272.8      0.0    686.6     90.4    226.0     27.1
    15     1    15     4    20    14     0     2   -10.0   67.377 -129.518    573.0    940.3    278.4    273.6      0.0    323.3     97.5    265.4     26.6
    16     1    15     4    20    14     0     2   -10.0   67.782 -128.299    333.7    975.7    275.5    273.6      0.0    481.0     95.4    218.7     20.2
    17     1    15     4    20    14     0     2   -10.0   67.533 -126.512    448.6    952.2    275.1    271.3      0.0    642.3     97.6    301.4     26.7
    18     1    15     4    20    14     0     2   -10.0   68.055 -131.216    258.4    990.9    274.4    273.6      0.0    248.1     97.7    173.8     24.0
    19     1    15     4    20    14     0     2   -10.0   67.008 -130.455      0.0    975.9    275.6    273.7      0.0    233.6     97.4    150.9     21.3
    20     1    15     4    20    14     0     2   -10.0   66.407 -127.596     29.0    947.4    277.3    273.1      0.0    423.0     98.8    265.6     19.4
    21     1    15     4    20    14     0     2   -10.0   67.359 -131.963    132.1    939.6    280.8    275.8      0.0    216.9     79.2    232.3     24.2
    22     1    15     4    20    14     0     2   -10.0   67.251 -131.882    554.9    889.2    286.3    276.8      0.0    252.9     61.0    254.1     24.0
    23     1    15     4    20    14     0     2   -10.0   66.313 -126.766      0.0    952.6    276.1    272.2      0.0    525.8     97.9    286.8     22.9
    24     1    15     4    20    14     0     2   -10.0   67.450 -131.914    330.1    905.3    286.3    278.3      0.0    215.7     58.9    334.5     21.9
    25     1    15     4    20    14     0     2   -10.0   67.117 -130.532    113.6    928.0    279.1    273.2      0.0    244.6     93.0    345.4     22.6
    26     1    15     4    20    14     0     2   -10.0   66.893 -130.244    608.4    885.8    286.3    276.6      0.0    286.4     62.5    215.7     23.4
    27     1    15     4    20    14     0     2   -10.0   67.207 -132.954    101.8    954.3    278.6    274.9      0.0    115.1     86.1    136.8     26.5
     1     1    15     4    20    13     0     1   -11.0   67.016 -127.181    123.5    959.1    276.0    272.8      0.0    522.1     98.9    311.7      9.8
     2     1    15     4    20    13     0     1   -11.0   66.357 -124.502    294.0    941.3    275.1    270.4      0.0    634.5     99.1    287.4     11.8
     3     1    15     4    20    13     0     1   -11.0   67.535 -130.182     10.4    991.7    274.5    273.8      0.0    271.4     97.1    157.6     10.5
     4     1    15     4    20    13     0     1   -11.0   66.868 -126.407    160.8    955.5    275.7    272.2      0.0    580.2     96.8    309.3     12.5
     5     1    15     4    20    13     0     1   -11.0   66.495 -124.594    158.1    956.2    274.4    270.9      0.0    629.2     96.7    303.9     15.4
     6     1    15     4    20    13     0     1   -11.0   67.082 -129.400    442.0    940.9    279.4    274.6      0.0    260.9     93.2    152.4     19.5
     7     1    15     4    20    13     0     1   -11.0   67.169 -127.854    104.0    971.0    275.8    273.5      0.0    449.2     98.0    240.6      8.3
     8     1    15     4    20    13     0     1   -11.0   66.351 -124.629    485.6    917.8    276.8    270.0      0.0    631.6     98.2    300.2     11.7
     9     1    15     4    20    13     0     1   -11.0   67.306 -131.191    428.6    931.3    282.5    276.8      0.0    186.9     74.2    250.4     12.1
    10     1    15     4    20    13     0     1   -11.0   67.425 -127.126    409.2    955.7    275.8    272.3      0.0    535.4     95.9    305.0     12.3
    11     1    15     4    20    13     0     1   -11.0   67.173 -125.706    312.2    971.8    274.6    272.3      0.0    637.1     91.9    271.4     15.1
    12     1    15     4    20    13     0     1   -11.0   67.439 -129.575    626.5    931.5    278.7    273.1      0.0    302.5     98.5    295.6     11.8
    13     1    15     4    20    13     0     1   -11.0   67.083 -126.374    489.6    945.0    275.8    271.4      0.0    604.6     98.4    317.2     13.8
    14     1    15     4    20    13     0     1   -11.0   67.232 -125.929    292.2    975.2    274.1    272.1      0.0    637.5     91.9    263.1     14.8
    15     1    15     4    20    13     0     1   -11.0   67.138 -128.946    509.1    959.4    277.2    274.0      0.0    301.2     96.4    172.6     17.7
    16     1    15     4    20    13     0     1   -11.0   67.527 -127.664    334.1    972.5    275.6    273.4      0.0    532.8     94.2    244.6     10.0
    17     1    15     4    20    13     0     1   -11.0   67.173 -125.689    435.9    956.4    275.1    271.7      0.0    613.2     95.5    274.0     14.4
    18     1    15     4    20    13     0     1   -11.0   67.959 -130.901    307.2    985.2    274.9    273.8      0.0    269.5     95.2    166.4     13.1
    19     1    15     4    20    13     0     1   -11.0   66.838 -129.946    106.9    948.2    277.8    273.6      0.0    256.4     97.3    172.9     11.8
    20     1    15     4    20    13     0     1   -11.0   66.111 -126.768      0.0    953.1    276.8    273.0      0.0    477.2     98.9    249.8      9.6
    21     1    15     4    20    13     0     1   -11.0   67.248 -131.933    181.8    935.0    282.5    277.1      0.0    174.0     73.0    217.9     13.2
    22     1    15     4    20    13     0     1   -11.0   67.138 -132.240    550.3    888.8    286.9    277.4      0.0    225.5     57.7    260.4     11.0
    23     1    15     4    20    13     0     1   -11.0   66.001 -125.866     88.8    934.7    276.6    271.3      0.0    542.9     99.0    311.5      8.0
    24     1    15     4    20    13     0     1   -11.0   67.369 -132.239    374.2    908.1    286.4    278.6      0.0    199.9     56.8    262.4     11.7
    25     1    15     4    20    13     0     1   -11.0   66.970 -130.213    105.0    939.9    278.0    273.1      0.0    233.9     96.4    252.4     10.8
    26     1    15     4    20    13     0     1   -11.0   66.813 -130.474    671.0    876.5    287.2    276.5      0.0    291.8     59.8    244.9     12.2
    27     1    15     4    20    13     0     1   -11.0   67.077 -132.993     41.8    960.2    278.1    274.9      0.0     60.0     88.1    144.3     13.3
     1     1    15     4    20    12     0     0   -12.0   66.783 -126.442     29.8    975.4    275.5    273.5      0.0    544.5     95.2    272.9      0.0
     2     1    15     4    20    12     0     0   -12.0   66.055 -123.598    253.2    947.5    274.6    270.4      0.0    461.4     99.5    277.5      0.0
     3     1    15     4    20    12     0     0   -12.0   67.389 -129.661    232.5    953.2    276.8    273.1      0.0    276.7     99.0    254.8      0.0
     4     1    15     4    20    12     0     0   -12.0   66.569 -125.529    222.9    947.9    275.5    271.3      0.0    577.8     99.8    307.0      0.0
     5     1    15     4    20    12     0     0   -12.0   66.250 -123.742     73.2    971.3    273.0    270.8      0.0    463.9     95.3    260.4      0.0
     6     1    15     4    20    12     0     0   -12.0   66.900 -129.090    395.2    946.9    279.3    275.0      0.0    228.1     92.0    147.5      0.0
     7     1    15     4    20    12     0     0   -12.0   66.934 -127.143    132.6    964.0    276.0    273.1      0.0    497.4     98.0    265.2      0.0
     8     1    15     4    20    12     0     0   -12.0   65.970 -123.862    501.9    916.5    277.3    270.5      0.0    511.1     97.8    294.6      0.0
     9     1    15     4    20    12     0     0   -12.0   67.204 -131.273    479.8    928.8    283.9    277.9      0.0    159.0     67.8    217.5      0.0
    10     1    15     4    20    12     0     0   -12.0   67.117 -126.318    354.5    961.8    275.6    272.5      0.0    557.4     95.1    306.9      0.0
    11     1    15     4    20    12     0     0   -12.0   66.924 -124.930    296.1    973.3    274.3    272.2      0.0    562.9     92.8    270.6      0.0
    12     1    15     4    20    12     0     0   -12.0   67.245 -129.115    631.1    939.6    278.5    273.6      0.0    272.4     96.8    220.1      0.0
    13     1    15     4    20    12     0     0   -12.0   66.730 -125.504    546.9    940.0    275.8    271.0      0.0    598.5     99.2    296.3      0.0
    14     1    15     4    20    12     0     0   -12.0   67.015 -125.229    273.8    979.3    273.8    272.1      0.0    589.3     92.3    243.5      0.0
    15     1    15     4    20    12     0     0   -12.0   66.938 -128.200    383.1    978.2    276.1    274.4      0.0    337.1     94.7    146.5      0.0
    16     1    15     4    20    12     0     0   -12.0   67.241 -126.909    379.9    959.8    275.8    272.6      0.0    537.2     96.2    299.2      0.0
    17     1    15     4    20    12     0     0   -12.0   66.852 -124.838    392.0    959.1    275.1    271.8      0.0    595.9     95.0    291.8      0.0
    18     1    15     4    20    12     0     0   -12.0   67.807 -130.463    332.1    972.0    275.2    273.0      0.0    307.9     98.3    246.9      0.0
    19     1    15     4    20    12     0     0   -12.0   66.696 -129.584    209.3    931.4    279.6    274.0      0.0    233.0     95.5    216.1      0.0
    20     1    15     4    20    12     0     0   -12.0   65.840 -125.876     19.0    944.1    277.3    272.7      0.0    499.8     99.6    298.3      0.0
    21     1    15     4    20    12     0     0   -12.0   67.134 -132.027    193.1    935.7    283.0    277.7      0.0    136.5     70.6    196.9      0.0
    22     1    15     4    20    12     0     0   -12.0   66.983 -132.729    470.4    902.1    286.9    278.5      0.0    168.2     55.5    214.6      0.0
    23     1    15     4    20    12     0     0   -12.0   65.682 -125.091    134.3    938.1    276.8    271.8      0.0    413.3     99.1    232.4      0.0
    24     1    15     4    20    12     0     0   -12.0   67.253 -132.594    318.2    920.4    285.5    278.8      0.0    147.4     60.0    205.1      0.0
    25     1    15     4    20    12     0     0   -12.0   66.817 -129.748      0.0    967.6    275.8    273.2      0.0    230.0     99.8    149.5      0.0
    26     1    15     4    20    12     0     0   -12.0   66.722 -130.830    692.0    871.9    287.7    276.6      0.0    263.5     57.8    269.7      0.0
    27     1    15     4    20    12     0     0   -12.0   66.974 -133.029      0.0    964.5    277.7    274.8      0.0     25.0     90.2    165.1      0.0
