    10     1
    GFSG    15     4    13     0     0
    GFSG    15     4    14     0     0
    GFSG    15     4    15     0     0
    GFSG    15     4    16     0     0
    GFSG    15     4    17     0     0
    GFSG    15     4    18     0     0
    GFSG    15     4    19     0     0
    GFSG    15     4    20     0     0
    GFSG    15     4    21     0     0
    GFSG    15     4    22     0     0
    27 BACKWARD OMEGA   
    15     4    21     0   69.424 -134.173     0.5
    15     4    21     0   69.424 -134.173     0.5
    15     4    21     0   69.424 -134.173     0.5
    15     4    21     0   69.424 -134.173     0.5
    15     4    21     0   69.424 -134.173     0.5
    15     4    21     0   69.424 -134.173     0.5
    15     4    21     0   69.424 -134.173     0.5
    15     4    21     0   69.424 -134.173     0.5
    15     4    21     0   69.424 -134.173     0.5
    15     4    21     0   69.424 -134.173     0.5
    15     4    21     0   69.424 -134.173     0.5
    15     4    21     0   69.424 -134.173     0.5
    15     4    21     0   69.424 -134.173     0.5
    15     4    21     0   69.424 -134.173     0.5
    15     4    21     0   69.424 -134.173     0.5
    15     4    21     0   69.424 -134.173     0.5
    15     4    21     0   69.424 -134.173     0.5
    15     4    21     0   69.424 -134.173     0.5
    15     4    21     0   69.424 -134.173     0.5
    15     4    21     0   69.424 -134.173     0.5
    15     4    21     0   69.424 -134.173     0.5
    15     4    21     0   69.424 -134.173     0.5
    15     4    21     0   69.424 -134.173     0.5
    15     4    21     0   69.424 -134.173     0.5
    15     4    21     0   69.424 -134.173     0.5
    15     4    21     0   69.424 -134.173     0.5
    15     4    21     0   69.424 -134.173     0.5
     8 PRESSURE THETA    AIR_TEMP RAINFALL MIXDEPTH RELHUMID TERR_MSL SUN_FLUX
     1     1    15     4    21     0     0     0     0.0   69.424 -134.173    135.5    985.6    275.8    274.7      0.0    271.1     98.8     66.5    195.4
     2     1    15     4    21     0     0     0     0.0   69.424 -134.173    131.4    990.2    274.9    274.1      0.0    262.8     98.9     58.5    254.4
     3     1    15     4    21     0     0     0     0.0   69.424 -134.173    105.7    985.9    276.0    274.9      0.0    211.5     99.5    106.7    170.9
     4     1    15     4    21     0     0     0     0.0   69.424 -134.173    103.0    991.8    275.5    274.9      0.0    206.0     99.4     65.0    260.6
     5     1    15     4    21     0     0     0     0.0   69.424 -134.173    134.8    990.1    274.9    274.1      0.0    269.6     99.4     58.5    278.4
     6     1    15     4    21     0     0     0     0.0   69.424 -134.173     92.2    986.0    276.2    275.0      0.0    184.4     99.9    106.3    203.9
     7     1    15     4    21     0     0     0     0.0   69.424 -134.173    122.2    988.0    275.7    274.7      0.0    244.3     98.7     61.7    227.5
     8     1    15     4    21     0     0     0     0.0   69.424 -134.173    128.1    990.6    274.8    274.1      0.0    256.2     99.8     58.5    262.4
     9     1    15     4    21     0     0     0     0.0   69.424 -134.173    136.2    986.7    275.6    274.5      0.0    272.3     98.8     76.3    173.8
    10     1    15     4    21     0     0     0     0.0   69.424 -134.173    135.5   1001.1    274.9    275.0      0.0    271.1     99.8     66.5    195.4
    11     1    15     4    21     0     0     0     0.0   69.424 -134.173    131.4   1005.2    274.2    274.7      0.0    262.8     96.1     58.5    254.4
    12     1    15     4    21     0     0     0     0.0   69.424 -134.173    105.7    997.6    275.4    275.2      0.0    211.5     99.8    106.7    170.9
    13     1    15     4    21     0     0     0     0.0   69.424 -134.173    103.0   1003.3    274.8    275.1      0.0    206.0     99.7     65.0    260.6
    14     1    15     4    21     0     0     0     0.0   69.424 -134.173    134.8   1005.6    274.2    274.7      0.0    269.6     95.7     58.5    278.4
    15     1    15     4    21     0     0     0     0.0   69.424 -134.173     92.2    996.1    275.6    275.3      0.0    184.4     99.9    106.3    203.9
    16     1    15     4    21     0     0     0     0.0   69.424 -134.173    122.2   1001.9    274.9    275.0      0.0    244.3     99.7     61.7    227.5
    17     1    15     4    21     0     0     0     0.0   69.424 -134.173    128.1   1005.2    274.3    274.7      0.0    256.2     96.1     58.5    262.4
    18     1    15     4    21     0     0     0     0.0   69.424 -134.173    136.2   1002.2    274.9    275.0      0.0    272.3     99.5     76.3    173.8
    19     1    15     4    21     0     0     0     0.0   69.424 -134.173    135.5    955.6    277.2    273.6      0.0    271.1     99.1     66.5    195.4
    20     1    15     4    21     0     0     0     0.0   69.424 -134.173    131.4    959.9    277.0    273.8      0.0    262.8     98.9     58.5    254.4
    21     1    15     4    21     0     0     0     0.0   69.424 -134.173    105.7    955.9    277.0    273.5      0.0    211.5     99.7    106.7    170.9
    22     1    15     4    21     0     0     0     0.0   69.424 -134.173    103.0    961.6    277.4    274.3      0.0    206.0     98.5     65.0    260.6
    23     1    15     4    21     0     0     0     0.0   69.424 -134.173    134.8    959.9    277.1    273.9      0.0    269.6     98.5     58.5    278.4
    24     1    15     4    21     0     0     0     0.0   69.424 -134.173     92.2    956.1    277.6    274.0      0.0    184.4     99.3    106.3    203.9
    25     1    15     4    21     0     0     0     0.0   69.424 -134.173    122.2    957.9    276.7    273.3      0.0    244.3     99.6     61.7    227.5
    26     1    15     4    21     0     0     0     0.0   69.424 -134.173    128.1    960.3    276.8    273.6      0.0    256.2     99.6     58.5    262.4
    27     1    15     4    21     0     0     0     0.0   69.424 -134.173    136.2    956.6    276.5    273.0      0.0    272.3     99.8     76.3    173.8
     1     1    15     4    20    23     0     1    -1.0   69.243 -133.526    117.3    988.5    275.5    274.6      0.0    215.8     99.5     75.9    263.4
     2     1    15     4    20    23     0     1    -1.0   69.242 -133.191    122.1    991.0    274.9    274.2      0.0    280.5     98.7     49.0    309.9
     3     1    15     4    20    23     0     1    -1.0   69.256 -133.797     96.6    986.0    275.8    274.6      0.0    221.5     99.8    113.1    193.6
     4     1    15     4    20    23     0     1    -1.0   69.245 -133.476    117.0    989.5    275.5    274.7      0.0    207.3     99.7     58.6    303.6
     5     1    15     4    20    23     0     1    -1.0   69.232 -133.145    132.1    989.4    274.9    274.1      0.0    313.0     98.2     43.7    311.0
     6     1    15     4    20    23     0     1    -1.0   69.268 -133.752     88.4    988.3    275.8    274.9      0.0    178.1     99.7     97.1    267.5
     7     1    15     4    20    23     0     1    -1.0   69.239 -133.577    120.6    985.4    275.5    274.4      0.0    283.9     99.4     89.4    181.0
     8     1    15     4    20    23     0     1    -1.0   69.248 -133.245    111.7    992.1    274.8    274.2      0.0    288.7     98.5     58.5    266.6
     9     1    15     4    20    23     0     1    -1.0   69.213 -133.791    138.4    985.7    275.4    274.3      0.0    267.9     99.4     85.6    184.9
    10     1    15     4    20    23     0     1    -1.0   69.328 -133.713    252.0   1001.7    274.7    274.8      0.0    246.3     99.5     74.2    240.5
    11     1    15     4    20    23     0     1    -1.0   69.310 -133.425    251.9   1005.3    274.2    274.6      0.0    282.4     95.5     55.6    303.0
    12     1    15     4    20    23     0     1    -1.0   69.336 -133.897    252.5    996.7    275.2    274.9      0.0    231.4     99.9    112.0    183.7
    13     1    15     4    20    23     0     1    -1.0   69.312 -133.621    275.2   1000.8    274.9    274.9      0.0    217.7     99.1     61.5    297.7
    14     1    15     4    20    23     0     1    -1.0   69.307 -133.390    255.9   1005.1    274.3    274.7      0.0    305.8     95.1     39.0    317.9
    15     1    15     4    20    23     0     1    -1.0   69.337 -133.847    270.0    996.3    275.3    275.0      0.0    189.2     99.7     98.6    249.3
    16     1    15     4    20    23     0     1    -1.0   69.323 -133.763    267.3   1000.1    274.8    274.8      0.0    300.5     99.8     75.2    190.8
    17     1    15     4    20    23     0     1    -1.0   69.315 -133.472    249.4   1004.4    274.2    274.6      0.0    308.9     96.2     58.5    242.5
    18     1    15     4    20    23     0     1    -1.0   69.316 -133.918    249.6   1001.9    274.7    274.8      0.0    288.0     99.6     84.0    180.6
    19     1    15     4    20    23     0     1    -1.0   69.184 -133.597    121.2    956.7    277.2    273.7      0.0    224.4     98.9     82.7    242.2
    20     1    15     4    20    23     0     1    -1.0   69.134 -133.349    108.4    962.4    276.8    273.8      0.0    250.0     98.6     55.9    307.4
    21     1    15     4    20    23     0     1    -1.0   69.208 -133.801    115.2    953.9    277.2    273.5      0.0    220.2     99.1    113.6    193.6
    22     1    15     4    20    23     0     1    -1.0   69.162 -133.586     97.9    961.3    277.1    274.0      0.0    192.4     98.4     62.3    296.2
    23     1    15     4    20    23     0     1    -1.0   69.117 -133.339    123.4    959.4    277.0    273.7      0.0    287.1     98.8     51.1    304.0
    24     1    15     4    20    23     0     1    -1.0   69.204 -133.799     77.8    958.1    277.3    273.9      0.0    179.1     98.2    108.2    257.9
    25     1    15     4    20    23     0     1    -1.0   69.190 -133.589    141.3    952.4    277.0    273.2      0.0    277.9     99.5     94.7    178.5
    26     1    15     4    20    23     0     1    -1.0   69.149 -133.361    107.3    961.7    276.7    273.6      0.0    296.5     98.9     58.5    239.9
    27     1    15     4    20    23     0     1    -1.0   69.186 -133.775    151.8    954.1    276.7    273.0      0.0    265.0     99.8     84.8    186.2
     1     1    15     4    20    22     0     2    -2.0   69.043 -132.920    126.4    989.2    275.3    274.5      0.0    191.2     99.6     58.6    308.9
     2     1    15     4    20    22     0     2    -2.0   69.031 -132.247    128.1    989.2    274.9    274.0      0.0    353.4     99.2     56.6    309.8
     3     1    15     4    20    22     0     2    -2.0   69.087 -133.474     97.3    982.6    275.6    274.2      0.0    245.6     99.8    140.7    217.5
     4     1    15     4    20    22     0     2    -2.0   69.031 -132.832    131.2    986.5    275.7    274.6      0.0    233.2     99.6     78.9    310.6
     5     1    15     4    20    22     0     2    -2.0   69.023 -132.182    113.9    991.7    274.8    274.1      0.0    320.0     97.8     57.1    338.2
     6     1    15     4    20    22     0     2    -2.0   69.091 -133.371     82.6    989.6    275.5    274.7      0.0    196.9     99.1     98.4    327.5
     7     1    15     4    20    22     0     2    -2.0   69.055 -133.027    109.0    987.7    275.3    274.3      0.0    243.5     99.9     88.6    234.7
     8     1    15     4    20    22     0     2    -2.0   69.048 -132.343    127.0    989.4    274.9    274.0      0.0    314.5     99.2     55.5    306.2
     9     1    15     4    20    22     0     2    -2.0   69.005 -133.486    123.0    986.6    275.2    274.2      0.0    312.3     99.9     92.7    189.7
    10     1    15     4    20    22     0     2    -2.0   69.209 -133.191    277.8   1000.6    274.6    274.7      0.0    232.2     99.1     65.7    291.3
    11     1    15     4    20    22     0     2    -2.0   69.177 -132.671    265.0   1004.3    274.1    274.5      0.0    340.8     96.4     47.2    315.7
    12     1    15     4    20    22     0     2    -2.0   69.241 -133.614    270.9    994.6    275.0    274.6      0.0    257.4     99.7    119.9    209.4
    13     1    15     4    20    22     0     2    -2.0   69.167 -133.014    299.0    998.6    274.8    274.7      0.0    252.9     99.5     58.6    304.1
    14     1    15     4    20    22     0     2    -2.0   69.176 -132.627    256.2   1005.0    274.1    274.5      0.0    364.7     96.1     47.3    327.9
    15     1    15     4    20    22     0     2    -2.0   69.215 -133.486    282.9    998.2    275.0    274.9      0.0    188.4    100.0     78.0    318.9
    16     1    15     4    20    22     0     2    -2.0   69.210 -133.312    268.3    998.9    274.6    274.5      0.0    287.6     99.6     88.7    210.4
    17     1    15     4    20    22     0     2    -2.0   69.186 -132.750    259.4   1005.0    274.1    274.5      0.0    303.4     96.2     52.6    312.3
    18     1    15     4    20    22     0     2    -2.0   69.209 -133.663    249.1   1000.1    274.6    274.6      0.0    318.7     99.9     93.5    186.0
    19     1    15     4    20    22     0     2    -2.0   68.925 -133.187    124.3    957.0    276.8    273.3      0.0    202.3     98.8     77.2    279.7
    20     1    15     4    20    22     0     2    -2.0   68.820 -132.675    126.0    959.0    276.6    273.3      0.0    280.6     99.2     58.6    302.1
    21     1    15     4    20    22     0     2    -2.0   68.962 -133.565    117.4    949.9    277.2    273.1      0.0    257.9     97.4    146.3    210.2
    22     1    15     4    20    22     0     2    -2.0   68.881 -133.137    101.9    959.7    276.7    273.5      0.0    200.3     98.4     77.4    317.3
    23     1    15     4    20    22     0     2    -2.0   68.785 -132.656    117.5    958.1    276.7    273.3      0.0    306.7     99.0     77.6    312.2
    24     1    15     4    20    22     0     2    -2.0   68.954 -133.504      1.4    968.0    276.3    273.7      0.0    203.3     98.3    109.0    321.1
    25     1    15     4    20    22     0     2    -2.0   68.933 -133.179    150.8    950.5    277.0    273.0      0.0    257.4     99.1    106.0    206.6
    26     1    15     4    20    22     0     2    -2.0   68.853 -132.688    103.7    961.6    276.5    273.5      0.0    254.3     98.7     62.1    300.0
    27     1    15     4    20    22     0     2    -2.0   68.919 -133.520    161.3    952.8    276.8    273.0      0.0    303.5     98.8     84.3    196.2
     1     1    15     4    20    21     0     3    -3.0   68.811 -132.415    156.6    980.2    275.5    274.0      0.0    243.0     99.1    108.2    322.9
     2     1    15     4    20    21     0     3    -3.0   68.817 -131.403    113.4    989.4    274.8    274.0      0.0    330.6     97.0     75.9    360.9
     3     1    15     4    20    21     0     3    -3.0   68.898 -133.226     98.5    983.2    275.2    273.9      0.0    277.6     99.4    141.4    272.4
     4     1    15     4    20    21     0     3    -3.0   68.774 -132.296    178.6    968.7    276.1    273.6      0.0    321.6     99.7    181.5    327.1
     5     1    15     4    20    21     0     3    -3.0   68.814 -131.358    104.1    993.7    274.6    274.1      0.0    373.6     95.5     50.4    374.9
     6     1    15     4    20    21     0     3    -3.0   68.854 -133.066    188.6    965.8    276.1    273.3      0.0    256.8     98.3    195.1    319.4
     7     1    15     4    20    21     0     3    -3.0   68.857 -132.542    110.1    990.4    274.9    274.1      0.0    213.4     99.4     71.2    306.7
     8     1    15     4    20    21     0     3    -3.0   68.819 -131.505    135.4    986.0    274.9    273.8      0.0    355.1     99.4     81.6    324.9
     9     1    15     4    20    21     0     3    -3.0   68.788 -133.239    130.1    982.3    275.1    273.7      0.0    330.1     99.5    117.6    224.4
    10     1    15     4    20    21     0     3    -3.0   69.057 -132.636    304.6    998.8    274.5    274.5      0.0    238.6     99.8     58.6    311.3
    11     1    15     4    20    21     0     3    -3.0   69.035 -131.941    264.8   1004.0    274.0    274.3      0.0    385.3     98.0     56.3    333.5
    12     1    15     4    20    21     0     3    -3.0   69.114 -133.323    294.4    992.3    274.8    274.2      0.0    280.0     99.9    120.1    250.6
    13     1    15     4    20    21     0     3    -3.0   68.996 -132.438    340.4    986.2    275.4    274.3      0.0    298.3     99.8    123.9    325.8
    14     1    15     4    20    21     0     3    -3.0   69.042 -131.903    261.2   1005.2    273.9    274.3      0.0    335.1     95.6     50.2    352.6
    15     1    15     4    20    21     0     3    -3.0   69.040 -133.155    342.2    985.4    275.3    274.2      0.0    229.3     98.4    129.1    334.6
    16     1    15     4    20    21     0     3    -3.0   69.078 -132.816    290.9    998.3    274.4    274.3      0.0    249.0     99.3     75.6    269.3
    17     1    15     4    20    21     0     3    -3.0   69.033 -132.009    276.7   1002.5    273.9    274.1      0.0    388.9     98.4     56.4    308.3
    18     1    15     4    20    21     0     3    -3.0   69.103 -133.416    265.9    997.8    274.5    274.3      0.0    366.1     99.9    104.7    191.4
    19     1    15     4    20    21     0     3    -3.0   68.645 -132.911     83.5    961.2    275.9    272.8      0.0    222.4     99.2     89.5    320.7
    20     1    15     4    20    21     0     3    -3.0   68.491 -132.178    134.2    953.7    276.5    272.8      0.0    271.6     99.3    102.1    317.3
    21     1    15     4    20    21     0     3    -3.0   68.676 -133.422    142.4    945.3    277.8    273.3      0.0    300.1     91.7    164.5    261.6
    22     1    15     4    20    21     0     3    -3.0   68.573 -132.796    187.4    938.4    277.0    272.0      0.0    267.2     98.6    178.6    328.7
    23     1    15     4    20    21     0     3    -3.0   68.435 -132.119    124.2    950.4    276.8    272.8      0.0    322.6     99.0    139.5    350.8
    24     1    15     4    20    21     0     3    -3.0   68.684 -133.242     22.7    951.0    276.6    272.6      0.0    281.0     98.7    236.4    296.5
    25     1    15     4    20    21     0     3    -3.0   68.656 -132.949    163.0    947.0    276.7    272.4      0.0    297.2     98.6    129.2    226.0
    26     1    15     4    20    21     0     3    -3.0   68.546 -132.203    119.1    960.6    276.0    272.9      0.0    230.5     99.6     58.6    311.6
    27     1    15     4    20    21     0     3    -3.0   68.617 -133.377    177.0    950.2    277.2    273.2      0.0    312.8     94.0     87.9    232.6
     1     1    15     4    20    20     0     2    -4.0   68.515 -131.997    220.0    955.4    276.4    272.8      0.0    364.9     99.8    252.3    253.6
     2     1    15     4    20    20     0     2    -4.0   68.586 -130.688    118.4    988.6    274.9    274.0      0.0    433.0     94.5     73.5    311.6
     3     1    15     4    20    20     0     2    -4.0   68.674 -132.985    105.7    972.8    275.6    273.4      0.0    297.6     98.9    222.2    250.8
     4     1    15     4    20    20     0     2    -4.0   68.455 -131.803    240.8    952.1    276.7    272.8      0.0    390.3     99.4    258.5    255.8
     5     1    15     4    20    20     0     2    -4.0   68.554 -130.616    147.9    981.1    275.1    273.6      0.0    474.0     93.1    112.2    324.4
     6     1    15     4    20    20     0     2    -4.0   68.568 -132.786    291.2    942.1    276.8    272.1      0.0    330.3     98.6    292.7    220.7
     7     1    15     4    20    20     0     2    -4.0   68.626 -132.144    148.1    980.0    275.3    273.8      0.0    270.9     98.4    120.7    273.4
     8     1    15     4    20    20     0     2    -4.0   68.583 -130.780    130.9    985.6    275.1    273.9      0.0    381.7     96.8     72.1    299.1
     9     1    15     4    20    20     0     2    -4.0   68.532 -133.018    190.9    970.6    275.8    273.4      0.0    313.5     98.0    155.2    234.3
    10     1    15     4    20    20     0     2    -4.0   68.869 -132.109    346.5    983.2    275.4    274.0      0.0    335.6     99.0    144.5    260.1
    11     1    15     4    20    20     0     2    -4.0   68.894 -131.253    271.6   1003.8    274.0    274.3      0.0    350.0     94.9     40.7    279.3
    12     1    15     4    20    20     0     2    -4.0   68.948 -133.082    295.5    992.3    274.8    274.2      0.0    283.2     99.4    121.9    254.9
    13     1    15     4    20    20     0     2    -4.0   68.755 -131.886    379.0    974.8    275.8    273.8      0.0    387.4     98.7    169.9    276.8
    14     1    15     4    20    20     0     2    -4.0   68.909 -131.247    270.3   1005.6    274.0    274.4      0.0    391.6     93.4     39.3    284.1
    15     1    15     4    20    20     0     2    -4.0   68.765 -132.860    498.2    952.6    276.4    272.5      0.0    313.7     98.8    245.4    246.4
    16     1    15     4    20    20     0     2    -4.0   68.914 -132.316    312.4    996.4    274.6    274.3      0.0    259.1     99.2     72.0    258.0
    17     1    15     4    20    20     0     2    -4.0   68.876 -131.296    283.3    999.8    274.3    274.2      0.0    375.8     96.6     65.3    265.8
    18     1    15     4    20    20     0     2    -4.0   68.970 -133.197    296.4    990.8    274.6    273.9      0.0    347.9     99.9    132.4    172.2
    19     1    15     4    20    20     0     2    -4.0   68.348 -132.690     92.0    948.9    276.7    272.6      0.0    286.4     97.3    187.5    262.8
    20     1    15     4    20    20     0     2    -4.0   68.141 -131.758    176.6    935.3    277.2    271.9      0.0    371.1     99.1    215.1    258.3
    21     1    15     4    20    20     0     2    -4.0   68.359 -133.320    200.7    935.8    279.2    274.0      0.0    293.5     85.5    189.6    232.4
    22     1    15     4    20    20     0     2    -4.0   68.246 -132.560    223.4    924.0    280.1    273.8      0.0    343.4     84.3    268.8    231.5
    23     1    15     4    20    20     0     2    -4.0   68.069 -131.623    123.7    939.7    277.0    272.1      0.0    402.4     99.6    230.6    275.3
    24     1    15     4    20    20     0     2    -4.0   68.399 -133.010     91.7    934.8    278.1    272.8      0.0    303.1     93.1    307.3    210.1
    25     1    15     4    20    20     0     2    -4.0   68.359 -132.834    135.1    947.5    276.9    272.6      0.0    312.1     96.6    155.4    218.1
    26     1    15     4    20    20     0     2    -4.0   68.223 -131.836    153.6    946.8    276.6    272.3      0.0    304.1     99.0    142.9    266.2
    27     1    15     4    20    20     0     2    -4.0   68.303 -133.298    200.3    945.0    277.9    273.4      0.0    297.7     90.6    111.2    206.6
     1     1    15     4    20    19     0     1    -5.0   68.196 -131.549    256.9    950.2    276.5    272.5      0.0    369.5     98.8    258.1    179.6
     2     1    15     4    20    19     0     1    -5.0   68.281 -129.936    168.0    972.2    275.2    273.0      0.0    462.4     95.5    159.4    214.8
     3     1    15     4    20    19     0     1    -5.0   68.421 -132.732    135.2    960.4    275.9    272.7      0.0    315.3     98.8    293.2    178.0
     4     1    15     4    20    19     0     1    -5.0   68.136 -131.243    197.9    953.3    276.6    272.9      0.0    354.2     98.7    282.4    188.4
     5     1    15     4    20    19     0     1    -5.0   68.198 -129.794    292.7    950.9    275.6    271.6      0.0    495.5     98.7    214.7    166.5
     6     1    15     4    20    19     0     1    -5.0   68.300 -132.469    218.5    956.0    276.0    272.5      0.0    286.6     98.9    246.6    168.6
     7     1    15     4    20    19     0     1    -5.0   68.322 -131.800    296.8    947.9    276.4    272.2      0.0    344.8     98.7    237.1    197.0
     8     1    15     4    20    19     0     1    -5.0   68.317 -130.104    139.0    979.6    275.2    273.6      0.0    444.4     95.9    130.6    224.7
     9     1    15     4    20    19     0     1    -5.0   68.251 -132.822    258.1    959.7    276.0    272.8      0.0    292.2     97.7    177.3    180.1
    10     1    15     4    20    19     0     1    -5.0   68.601 -131.571    415.5    964.7    276.0    273.2      0.0    415.4     99.5    224.5    193.6
    11     1    15     4    20    19     0     1    -5.0   68.739 -130.610    295.9    999.7    274.3    274.2      0.0    438.4     92.5     60.2    213.2
    12     1    15     4    20    19     0     1    -5.0   68.750 -132.857    299.2    981.3    275.2    273.7      0.0    320.9     98.4    205.4    204.9
    13     1    15     4    20    19     0     1    -5.0   68.473 -131.288    337.8    973.2    275.7    273.6      0.0    416.8     99.4    232.7    215.5
    14     1    15     4    20    19     0     1    -5.0   68.730 -130.580    319.1    993.0    274.5    274.0      0.0    509.0     90.6     91.8    222.7
    15     1    15     4    20    19     0     1    -5.0   68.470 -132.526    485.5    949.2    276.4    272.3      0.0    332.4     98.3    284.3    170.4
    16     1    15     4    20    19     0     1    -5.0   68.690 -131.842    386.2    977.7    275.4    273.6      0.0    348.9     98.6    149.0    208.3
    17     1    15     4    20    19     0     1    -5.0   68.714 -130.621    293.5   1000.1    274.2    274.2      0.0    391.7     95.1     53.2    210.7
    18     1    15     4    20    19     0     1    -5.0   68.791 -133.024    335.5    983.1    274.9    273.5      0.0    336.9     99.6    154.8    168.5
    19     1    15     4    20    19     0     1    -5.0   68.030 -132.476    167.6    925.5    280.4    274.3      0.0    339.1     83.0    310.3    176.0
    20     1    15     4    20    19     0     1    -5.0   67.786 -131.404    264.0    919.9    280.1    273.5      0.0    385.5     85.0    261.5    183.4
    21     1    15     4    20    19     0     1    -5.0   68.077 -133.208    223.7    934.7    279.3    273.9      0.0    253.3     85.6    175.0    169.4
    22     1    15     4    20    19     0     1    -5.0   67.930 -132.323    164.9    931.4    279.7    274.1      0.0    323.9     84.8    261.8    170.6
    23     1    15     4    20    19     0     1    -5.0   67.716 -131.055     41.1    946.5    277.0    272.7      0.0    358.0     99.1    251.7    205.9
    24     1    15     4    20    19     0     1    -5.0   68.152 -132.805     95.0    940.5    278.0    273.2      0.0    244.3     91.5    254.3    159.5
    25     1    15     4    20    19     0     1    -5.0   68.049 -132.706    131.4    939.8    277.7    272.8      0.0    329.2     94.3    223.7    195.1
    26     1    15     4    20    19     0     1    -5.0   67.872 -131.501    191.7    928.0    278.7    272.8      0.0    388.2     92.1    264.3    188.5
    27     1    15     4    20    19     0     1    -5.0   68.023 -133.213    208.2    942.1    278.0    273.3      0.0    287.9     90.6    125.9    151.0
     1     1    15     4    20    18     0     0    -6.0   67.878 -131.065    305.4    942.3    277.7    273.0      0.0    331.4     97.3    274.3    120.5
     2     1    15     4    20    18     0     0    -6.0   67.967 -129.106    194.6    962.6    275.2    272.2      0.0    464.2     98.0    214.2     82.2
     3     1    15     4    20    18     0     0    -6.0   68.188 -132.503    153.1    959.7    275.8    272.5      0.0    268.2     99.1    280.2    123.1
     4     1    15     4    20    18     0     0    -6.0   67.876 -130.698    133.4    963.2    276.3    273.3      0.0    320.8     99.1    270.8    104.3
     5     1    15     4    20    18     0     0    -6.0   67.870 -128.974    216.0    965.4    275.0    272.2      0.0    494.3     94.9    169.9     96.5
     6     1    15     4    20    18     0     0    -6.0   68.083 -132.110    140.7    975.7    275.3    273.3      0.0    262.1     99.2    161.1    142.7
     7     1    15     4    20    18     0     0    -6.0   68.002 -131.423    272.0    945.1    276.7    272.3      0.0    348.4     97.0    283.3    136.0
     8     1    15     4    20    18     0     0    -6.0   68.021 -129.323    127.4    973.8    275.0    272.9      0.0    427.9     97.9    189.1    104.4
     9     1    15     4    20    18     0     0    -6.0   68.008 -132.661    258.8    960.1    275.6    272.4      0.0    242.4     99.3    171.4    120.7
    10     1    15     4    20    18     0     0    -6.0   68.278 -130.978    436.1    955.1    276.3    272.6      0.0    400.1     98.9    282.9    125.7
    11     1    15     4    20    18     0     0    -6.0   68.489 -129.888    379.8    979.1    275.0    273.3      0.0    520.0     91.2    142.2    125.8
    12     1    15     4    20    18     0     0    -6.0   68.499 -132.601    341.6    962.5    275.7    272.7      0.0    347.8     99.2    314.4    131.2
    13     1    15     4    20    18     0     0    -6.0   68.230 -130.650    307.7    976.9    275.3    273.5      0.0    360.2     98.8    231.4    114.9
    14     1    15     4    20    18     0     0    -6.0   68.418 -129.793    490.1    955.3    275.1    271.6      0.0    575.4     96.5    226.7    108.7
    15     1    15     4    20    18     0     0    -6.0   68.221 -132.145    406.6    968.9    275.5    273.0      0.0    289.4     99.2    198.6    140.5
    16     1    15     4    20    18     0     0    -6.0   68.376 -131.360    440.3    957.1    276.1    272.6      0.0    420.2     99.5    261.9    134.3
    17     1    15     4    20    18     0     0    -6.0   68.508 -129.965    339.5    989.8    274.7    273.9      0.0    477.9     92.0     95.7    128.0
    18     1    15     4    20    18     0     0    -6.0   68.544 -132.872    394.6    971.7    275.2    273.0      0.0    348.0     98.9    187.5    154.0
    19     1    15     4    20    18     0     0    -6.0   67.735 -132.296    169.2    930.2    280.1    274.4      0.0    280.2     82.9    266.3    130.5
    20     1    15     4    20    18     0     0    -6.0   67.483 -131.209    300.9    912.5    282.5    275.2      0.0    345.4     71.0    289.2    122.6
    21     1    15     4    20    18     0     0    -6.0   67.834 -133.077    229.7    933.1    279.5    274.0      0.0    237.3     84.7    180.9    122.0
    22     1    15     4    20    18     0     0    -6.0   67.661 -132.037    127.8    946.2    279.1    274.8      0.0    281.4     83.1    172.5    141.4
    23     1    15     4    20    18     0     0    -6.0   67.416 -130.527      0.0    954.7    276.8    273.1      0.0    321.1     99.2    262.8     98.6
    24     1    15     4    20    18     0     0    -6.0   67.956 -132.587      0.0    961.7    275.6    272.6      0.0    220.0     99.0    206.1    142.1
    25     1    15     4    20    18     0     0    -6.0   67.749 -132.545    146.5    937.0    277.9    272.8      0.0    286.7     94.2    230.8    135.6
    26     1    15     4    20    18     0     0    -6.0   67.525 -131.180    175.7    929.4    279.6    273.8      0.0    352.8     86.0    267.2    135.7
    27     1    15     4    20    18     0     0    -6.0   67.770 -133.125    200.5    942.4    278.2    273.6      0.0    273.6     88.8    130.0     98.0
     1     1    15     4    20    17     0     1    -7.0   67.592 -130.607    333.0    942.0    277.8    273.1      0.0    305.4     97.4    256.1     83.7
     2     1    15     4    20    17     0     1    -7.0   67.695 -128.341    150.5    970.7    275.3    273.0      0.0    516.2     92.9    189.1     79.4
     3     1    15     4    20    17     0     1    -7.0   68.005 -132.270    117.8    971.3    275.4    273.1      0.0    231.7     99.1    203.8     98.0
     4     1    15     4    20    17     0     1    -7.0   67.704 -130.260     30.9    980.6    275.5    274.0      0.0    338.3     99.0    231.6     65.4
     5     1    15     4    20    17     0     1    -7.0   67.543 -128.152    230.1    952.8    275.6    271.8      0.0    569.6     95.2    252.1     91.3
     6     1    15     4    20    17     0     1    -7.0   67.879 -131.697    162.9    967.5    276.1    273.5      0.0    261.2     97.9    208.0    102.3
     7     1    15     4    20    17     0     1    -7.0   67.730 -131.000    234.8    960.9    276.4    273.2      0.0    301.0     96.7    195.9    105.7
     8     1    15     4    20    17     0     1    -7.0   67.764 -128.568    122.6    973.5    275.2    273.1      0.0    458.7     95.7    183.0     67.2
     9     1    15     4    20    17     0     1    -7.0   67.790 -132.477    256.2    958.7    276.3    273.0      0.0    240.4     96.3    170.3     95.5
    10     1    15     4    20    17     0     1    -7.0   68.011 -130.380    378.5    962.4    276.2    273.2      0.0    327.6     99.3    281.0     94.3
    11     1    15     4    20    17     0     1    -7.0   68.141 -129.069    499.3    954.2    275.2    271.6      0.0    547.8     98.4    211.7     70.2
    12     1    15     4    20    17     0     1    -7.0   68.260 -132.312    357.1    966.9    275.6    272.9      0.0    285.0     99.1    248.7     98.2
    13     1    15     4    20    17     0     1    -7.0   68.074 -130.142    269.1    987.1    274.8    273.8      0.0    345.9     98.4    185.4     75.8
    14     1    15     4    20    17     0     1    -7.0   68.065 -128.982    486.8    962.8    274.8    271.8      0.0    557.6     95.4    174.7     76.6
    15     1    15     4    20    17     0     1    -7.0   67.996 -131.716    419.9    973.3    275.8    273.7      0.0    273.4     97.9    156.1    106.2
    16     1    15     4    20    17     0     1    -7.0   68.065 -130.840    503.8    947.8    276.8    272.6      0.0    358.2     98.6    282.7     96.5
    17     1    15     4    20    17     0     1    -7.0   68.212 -129.185    404.0    972.0    275.0    272.8      0.0    513.4     95.2    165.2     84.2
    18     1    15     4    20    17     0     1    -7.0   68.274 -132.667    443.8    963.8    275.6    272.7      0.0    297.4     99.0    187.9    105.5
    19     1    15     4    20    17     0     1    -7.0   67.512 -132.080     37.1    954.0    276.8    273.1      0.0    225.3     95.1    180.7    104.0
    20     1    15     4    20    17     0     1    -7.0   67.247 -131.077    344.0    913.9    282.0    274.8      0.0    313.0     75.3    241.4     96.4
    21     1    15     4    20    17     0     1    -7.0   67.614 -133.023    259.0    929.9    280.5    274.7      0.0    240.8     80.2    165.0     92.0
    22     1    15     4    20    17     0     1    -7.0   67.440 -131.727    123.3    946.4    278.9    274.6      0.0    266.8     85.9    179.3    104.7
    23     1    15     4    20    17     0     1    -7.0   67.139 -130.038      8.0    958.0    276.9    273.5      0.0    341.1     98.5    198.7     66.3
    24     1    15     4    20    17     0     1    -7.0   67.773 -132.275      0.0    958.2    276.9    273.6      0.0    234.8     94.1    210.1    111.3
    25     1    15     4    20    17     0     1    -7.0   67.504 -132.355    143.7    940.6    277.8    273.0      0.0    241.0     94.2    187.3     96.4
    26     1    15     4    20    17     0     1    -7.0   67.238 -130.882    203.6    933.7    279.8    274.3      0.0    305.0     84.1    209.3    103.1
    27     1    15     4    20    17     0     1    -7.0   67.535 -133.066    165.7    947.2    278.7    274.4      0.0    243.7     85.0    111.9     80.2
     1     1    15     4    20    16     0     2    -8.0   67.338 -130.197    403.4    934.8    278.1    272.8      0.0    302.9     98.9    243.7     48.8
     2     1    15     4    20    16     0     2    -8.0   67.371 -127.563    201.1    954.8    275.8    272.2      0.0    588.1     94.4    269.3     63.5
     3     1    15     4    20    16     0     2    -8.0   67.878 -131.974     34.9    984.8    274.9    273.7      0.0    230.0     99.0    184.2     71.4
     4     1    15     4    20    16     0     2    -8.0   67.574 -129.886     76.4    977.3    275.8    274.0      0.0    359.3     98.9    215.1     46.1
     5     1    15     4    20    16     0     2    -8.0   67.167 -127.314    307.8    939.7    275.6    270.7      0.0    606.4     99.4    286.1     65.8
     6     1    15     4    20    16     0     2    -8.0   67.684 -131.268    170.7    960.5    276.5    273.4      0.0    243.4     98.3    253.0     60.3
     7     1    15     4    20    16     0     2    -8.0   67.482 -130.542    229.9    963.7    276.7    273.8      0.0    278.9     96.2    173.8     71.7
     8     1    15     4    20    16     0     2    -8.0   67.512 -127.901    118.2    975.3    275.5    273.5      0.0    518.1     92.4    181.3     59.6
     9     1    15     4    20    16     0     2    -8.0   67.582 -132.219    282.0    954.9    277.2    273.6      0.0    249.0     93.0    189.3     66.9
    10     1    15     4    20    16     0     2    -8.0   67.831 -129.878    283.4    978.9    275.4    273.8      0.0    339.0     98.5    236.7     50.1
    11     1    15     4    20    16     0     2    -8.0   67.830 -128.271    444.7    964.5    275.2    272.4      0.0    575.9     94.2    198.1     58.4
    12     1    15     4    20    16     0     2    -8.0   68.098 -132.001    275.6    985.3    274.8    273.6      0.0    243.2     99.1    187.4     68.8
    13     1    15     4    20    16     0     2    -8.0   67.933 -129.674    292.1    984.6    275.0    273.8      0.0    384.6     97.6    181.3     49.9
    14     1    15     4    20    16     0     2    -8.0   67.734 -128.167    468.4    956.5    275.2    271.7      0.0    626.9     94.6    234.6     64.5
    15     1    15     4    20    16     0     2    -8.0   67.784 -131.273    425.2    961.4    276.6    273.4      0.0    257.1     98.2    241.2     61.3
    16     1    15     4    20    16     0     2    -8.0   67.774 -130.338    521.1    947.4    277.3    273.0      0.0    316.8     98.1    266.1     63.9
    17     1    15     4    20    16     0     2    -8.0   67.911 -128.381    391.7    971.2    275.1    272.8      0.0    538.9     94.8    188.6     49.9
    18     1    15     4    20    16     0     2    -8.0   68.045 -132.362    451.4    963.1    275.6    272.7      0.0    264.6     99.0    193.8     68.0
    19     1    15     4    20    16     0     2    -8.0   67.323 -131.723      0.0    960.3    276.7    273.5      0.0    243.8     95.5    199.1     72.5
    20     1    15     4    20    16     0     2    -8.0   67.063 -130.941    392.6    912.9    282.4    275.1      0.0    291.0     76.0    198.5     68.6
    21     1    15     4    20    16     0     2    -8.0   67.419 -133.137    312.6    926.7    281.6    275.5      0.0    211.3     75.7    148.0     65.6
    22     1    15     4    20    16     0     2    -8.0   67.246 -131.415    158.5    930.9    279.5    273.9      0.0    250.4     89.4    270.2     62.8
    23     1    15     4    20    16     0     2    -8.0   66.830 -129.538    109.2    933.2    278.4    272.9      0.0    385.1     99.3    305.0     39.8
    24     1    15     4    20    16     0     2    -8.0   67.604 -131.932     91.1    935.1    280.1    274.8      0.0    229.4     83.0    298.8     68.9
    25     1    15     4    20    16     0     2    -8.0   67.307 -132.157    145.4    939.7    278.7    273.8      0.0    256.8     89.6    203.8     65.7
    26     1    15     4    20    16     0     2    -8.0   67.020 -130.594    230.6    934.9    279.6    274.2      0.0    282.7     86.9    168.8     72.0
    27     1    15     4    20    16     0     2    -8.0   67.330 -133.012    107.6    954.2    278.3    274.6      0.0    181.1     85.3    116.5     70.1
     1     1    15     4    20    15     0     3    -9.0   67.100 -129.713    441.0    928.5    278.8    273.0      0.0    323.2     99.0    258.1     31.3
     2     1    15     4    20    15     0     3    -9.0   67.012 -126.738    257.7    947.0    275.7    271.4      0.0    635.3     97.5    281.2     40.0
     3     1    15     4    20    15     0     3    -9.0   67.782 -131.649     46.1    980.7    275.4    273.9      0.0    250.7     97.2    213.8     35.2
     4     1    15     4    20    15     0     3    -9.0   67.347 -129.335    162.1    958.2    276.8    273.4      0.0    404.0     99.5    283.9     25.6
     5     1    15     4    20    15     0     3    -9.0   66.787 -126.480    371.9    931.5    276.0    270.4      0.0    639.8     99.1    297.8     44.6
     6     1    15     4    20    15     0     3    -9.0   67.547 -130.909     21.7    991.0    275.0    274.3      0.0    234.6     97.1    154.3     31.9
     7     1    15     4    20    15     0     3    -9.0   67.259 -130.089    220.8    959.3    276.7    273.5      0.0    250.1     98.9    216.7     32.7
     8     1    15     4    20    15     0     3    -9.0   67.205 -127.167    166.9    959.5    276.1    272.8      0.0    568.0     93.6    268.1     35.3
     9     1    15     4    20    15     0     3    -9.0   67.398 -131.911    269.8    955.5    277.3    273.7      0.0    255.0     93.2    198.7     35.3
    10     1    15     4    20    15     0     3    -9.0   67.726 -129.512    272.1    986.6    275.2    274.1      0.0    345.0     98.1    188.3     31.9
    11     1    15     4    20    15     0     3    -9.0   67.486 -127.478    473.2    952.4    275.6    271.8      0.0    661.6     94.6    268.2     39.8
    12     1    15     4    20    15     0     3    -9.0   68.019 -131.740    248.4    992.3    274.5    273.9      0.0    253.9     98.3    155.9     36.0
    13     1    15     4    20    15     0     3    -9.0   67.735 -129.129    328.4    976.8    275.7    273.8      0.0    478.7     96.1    211.8     30.5
    14     1    15     4    20    15     0     3    -9.0   67.362 -127.346    512.5    945.2    275.3    270.9      0.0    652.8     98.4    287.9     40.0
    15     1    15     4    20    15     0     3    -9.0   67.615 -130.861    336.9    980.3    275.6    274.0      0.0    249.5     97.0    175.1     31.5
    16     1    15     4    20    15     0     3    -9.0   67.509 -129.867    593.7    937.5    278.0    272.9      0.0    298.9     99.7    274.8     30.0
    17     1    15     4    20    15     0     3    -9.0   67.633 -127.661    383.2    970.0    275.6    273.2      0.0    597.4     91.1    212.4     39.3
    18     1    15     4    20    15     0     3    -9.0   67.857 -131.978    448.5    960.9    275.8    272.6      0.0    279.0     99.9    221.8     32.0
    19     1    15     4    20    15     0     3    -9.0   67.148 -131.334     91.5    936.5    279.2    274.0      0.0    236.0     89.2    292.0     34.4
    20     1    15     4    20    15     0     3    -9.0   66.927 -130.888    477.1    901.5    284.8    276.5      0.0    271.7     67.3    212.0     37.3
    21     1    15     4    20    15     0     3    -9.0   67.237 -133.408    316.9    929.5    282.1    276.3      0.0    155.9     72.5    126.3     39.3
    22     1    15     4    20    15     0     3    -9.0   67.071 -131.098    118.2    944.5    277.9    273.4      0.0    226.1     97.4    195.9     32.2
    23     1    15     4    20    15     0     3    -9.0   66.522 -128.945     40.4    949.7    277.8    273.7      0.0    350.5     99.2    230.1     24.0
    24     1    15     4    20    15     0     3    -9.0   67.489 -131.845    257.4    911.1    284.5    277.1      0.0    214.7     67.0    347.1     32.2
    25     1    15     4    20    15     0     3    -9.0   67.138 -131.986    133.9    941.0    279.2    274.4      0.0    280.5     87.6    209.6     32.0
    26     1    15     4    20    15     0     3    -9.0   66.831 -130.314    277.8    921.3    280.6    274.0      0.0    259.4     88.0    236.9     35.3
    27     1    15     4    20    15     0     3    -9.0   67.166 -132.930     45.2    961.1    277.7    274.6      0.0    137.4     87.7    128.2     39.6
     1     1    15     4    20    14     0     2   -10.0   66.880 -129.216    448.3    925.1    279.7    273.5      0.0    315.6     96.3    279.4     26.4
     2     1    15     4    20    14     0     2   -10.0   66.651 -125.893    329.1    935.6    276.1    270.9      0.0    622.4     99.1    314.4     28.3
     3     1    15     4    20    14     0     2   -10.0   67.644 -131.202    140.7    957.5    276.4    273.0      0.0    245.4     98.4    315.7     22.9
     4     1    15     4    20    14     0     2   -10.0   67.116 -128.683     85.1    975.0    275.8    273.8      0.0    408.3     98.1    231.1     16.8
     5     1    15     4    20    14     0     2   -10.0   66.391 -125.648    442.3    922.5    276.3    270.0      0.0    661.6     98.6    301.0     24.3
     6     1    15     4    20    14     0     2   -10.0   67.474 -130.645     25.6    990.4    274.8    274.0      0.0    262.3     96.7    150.2     21.6
     7     1    15     4    20    14     0     2   -10.0   67.072 -129.600    190.2    967.8    276.2    273.6      0.0    281.1     97.9    167.4     20.7
     8     1    15     4    20    14     0     2   -10.0   66.866 -126.347    218.0    949.6    275.9    271.9      0.0    559.0     97.5    304.7     25.2
     9     1    15     4    20    14     0     2   -10.0   67.260 -131.596    295.9    952.1    278.0    274.1      0.0    195.8     90.4    205.7     26.4
    10     1    15     4    20    14     0     2   -10.0   67.551 -129.024    360.3    965.1    276.1    273.3      0.0    446.6     98.9    264.9     16.8
    11     1    15     4    20    14     0     2   -10.0   67.107 -126.651    538.4    943.3    275.6    271.0      0.0    604.1     98.3    284.2     26.7
    12     1    15     4    20    14     0     2   -10.0   67.937 -131.436    301.8    985.4    275.1    273.9      0.0    268.5     95.3    174.9     26.0
    13     1    15     4    20    14     0     2   -10.0   67.495 -128.493    324.1    974.0    275.8    273.7      0.0    493.9     94.0    247.2     21.3
    14     1    15     4    20    14     0     2   -10.0   66.991 -126.515    511.9    943.6    275.4    270.9      0.0    641.4     97.7    310.5     31.7
    15     1    15     4    20    14     0     2   -10.0   67.471 -130.391    464.9    962.0    276.5    273.5      0.0    287.7     98.3    191.2     21.8
    16     1    15     4    20    14     0     2   -10.0   67.259 -129.381    558.9    946.1    277.6    273.2      0.0    327.1     98.8    227.1     19.2
    17     1    15     4    20    14     0     2   -10.0   67.292 -126.881    455.7    953.1    275.7    271.9      0.0    602.5     96.2    272.4     25.0
    18     1    15     4    20    14     0     2   -10.0   67.680 -131.550    416.8    965.8    275.8    273.1      0.0    230.7     98.8    220.7     21.3
    19     1    15     4    20    14     0     2   -10.0   67.018 -131.155    238.5    910.2    283.5    276.0      0.0    230.0     74.3    380.5     21.5
    20     1    15     4    20    14     0     2   -10.0   66.829 -130.991    560.6    889.0    286.3    276.8      0.0    276.8     62.6    238.1     24.8
    21     1    15     4    20    14     0     2   -10.0   67.041 -133.768    301.8    924.3    282.9    276.6      0.0     49.6     71.0    195.9     26.4
    22     1    15     4    20    14     0     2   -10.0   66.899 -130.629     19.3    960.9    276.7    273.5      0.0    254.3     98.1    152.6     22.4
    23     1    15     4    20    14     0     2   -10.0   66.245 -128.181      2.3    956.9    277.2    273.7      0.0    387.4     98.2    206.1     26.1
    24     1    15     4    20    14     0     2   -10.0   67.415 -132.075    366.0    905.4    286.3    278.2      0.0    209.6     57.8    299.6     22.4
    25     1    15     4    20    14     0     2   -10.0   66.982 -131.819    104.5    944.6    279.0    274.5      0.0    238.3     88.3    203.0     21.7
    26     1    15     4    20    14     0     2   -10.0   66.673 -130.105    291.0    922.7    281.2    274.8      0.0    253.5     85.5    211.6     21.7
    27     1    15     4    20    14     0     2   -10.0   67.042 -132.814      0.0    966.3    277.4    274.7      0.0     95.2     87.9    138.0     26.5
     1     1    15     4    20    13     0     1   -11.0   66.675 -128.816    468.1    933.9    279.6    274.1      0.0    286.3     94.4    184.7     17.3
     2     1    15     4    20    13     0     1   -11.0   66.269 -125.048    406.5    927.4    276.3    270.4      0.0    614.7     99.3    297.0     10.9
     3     1    15     4    20    13     0     1   -11.0   67.490 -130.752    108.7    965.9    275.6    272.9      0.0    236.8     98.0    277.4     10.7
     4     1    15     4    20    13     0     1   -11.0   66.887 -127.949    127.8    963.3    276.2    273.3      0.0    470.1     98.4    277.7      9.8
     5     1    15     4    20    13     0     1   -11.0   66.024 -124.844    451.9    921.8    276.5    270.2      0.0    550.1     98.1    299.4      8.3
     6     1    15     4    20    13     0     1   -11.0   67.326 -130.122    231.9    954.4    276.9    273.2      0.0    272.3     98.6    248.3     13.7
     7     1    15     4    20    13     0     1   -11.0   66.877 -129.057    381.8    933.1    278.8    273.3      0.0    288.6     97.6    280.8     13.1
     8     1    15     4    20    13     0     1   -11.0   66.541 -125.509    232.6    946.9    275.9    271.6      0.0    582.3     98.3    311.7     13.5
     9     1    15     4    20    13     0     1   -11.0   67.152 -131.363    339.0    947.3    279.2    274.9      0.0    155.4     86.8    203.4     13.9
    10     1    15     4    20    13     0     1   -11.0   67.295 -128.396    352.6    970.4    275.7    273.4      0.0    486.7     97.7    244.1      8.3
    11     1    15     4    20    13     0     1   -11.0   66.726 -125.806    600.5    932.4    276.1    270.6      0.0    617.1     98.9    312.8     14.5
    12     1    15     4    20    13     0     1   -11.0   67.790 -131.004    344.0    968.9    275.6    273.1      0.0    287.4     98.5    258.7     12.2
    13     1    15     4    20    13     0     1   -11.0   67.220 -127.733    368.9    960.2    275.9    272.7      0.0    525.9     96.5    305.4     10.6
    14     1    15     4    20    13     0     1   -11.0   66.637 -125.665    491.1    946.9    275.3    271.0      0.0    645.4     98.5    294.3     14.1
    15     1    15     4    20    13     0     1   -11.0   67.276 -129.836    519.1    949.9    277.6    273.5      0.0    276.4     97.1    246.4     15.4
    16     1    15     4    20    13     0     1   -11.0   67.022 -128.832    611.3    929.1    278.6    272.8      0.0    334.9     99.5    328.5     10.6
    17     1    15     4    20    13     0     1   -11.0   66.932 -126.046    493.9    948.2    275.7    271.5      0.0    537.0     97.4    286.3     13.0
    18     1    15     4    20    13     0     1   -11.0   67.518 -131.093    495.0    944.1    277.2    272.6      0.0    234.7     96.8    319.5     10.7
    19     1    15     4    20    13     0     1   -11.0   66.937 -131.323    367.5    900.0    287.0    278.5      0.0    224.1     57.1    339.7     11.0
    20     1    15     4    20    13     0     1   -11.0   66.740 -131.246    618.1    880.2    287.2    276.9      0.0    264.1     58.8    268.1     11.9
    21     1    15     4    20    13     0     1   -11.0   66.796 -134.230    301.4    910.3    284.2    276.7      0.0     20.0     67.2    315.9     12.6
    22     1    15     4    20    13     0     1   -11.0   66.735 -130.186    190.7    934.3    279.4    274.1      0.0    248.2     94.2    213.1     14.7
    23     1    15     4    20    13     0     1   -11.0   65.964 -127.354     22.6    949.7    277.4    273.4      0.0    439.4     99.0    248.8      9.2
    24     1    15     4    20    13     0     1   -11.0   67.323 -132.417    368.0    912.3    285.9    278.5      0.0    187.8     58.1    231.8     12.4
    25     1    15     4    20    13     0     1   -11.0   66.842 -131.673    105.5    944.7    279.2    274.7      0.0    182.7     87.2    206.8     12.4
    26     1    15     4    20    13     0     1   -11.0   66.510 -129.764    152.6    945.5    277.7    273.3      0.0    260.1     98.6    151.7     10.6
    27     1    15     4    20    13     0     1   -11.0   66.943 -132.721      0.0    964.6    278.2    275.3      0.0     64.4     85.1    160.8     13.5
     1     1    15     4    20    12     0     0   -12.0   66.473 -128.452    378.6    948.7    278.5    274.3      0.0    251.6     96.1    148.2      0.0
     2     1    15     4    20    12     0     0   -12.0   65.915 -124.235    397.4    930.7    276.5    270.9      0.0    487.6     98.9    276.7      0.0
     3     1    15     4    20    12     0     0   -12.0   67.401 -130.410      0.0    993.5    273.9    273.4      0.0    235.8     97.1    145.3      0.0
     4     1    15     4    20    12     0     0   -12.0   66.655 -127.150     83.9    971.5    275.9    273.6      0.0    511.5     97.1    251.5      0.0
     5     1    15     4    20    12     0     0   -12.0   65.674 -124.116    453.0    927.2    277.1    271.2      0.0    448.4     98.7    251.5      0.0
     6     1    15     4    20    12     0     0   -12.0   67.153 -129.522    192.2    967.3    276.2    273.6      0.0    254.6     95.9    178.0      0.0
     7     1    15     4    20    12     0     0   -12.0   66.690 -128.612    367.7    944.0    278.4    273.8      0.0    258.5     96.1    198.4      0.0
     8     1    15     4    20    12     0     0   -12.0   66.182 -124.639    343.6    933.8    276.3    270.9      0.0    592.3     99.0    306.0      0.0
     9     1    15     4    20    12     0     0   -12.0   67.060 -131.256    379.8    944.7    280.8    276.2      0.0    132.3     80.9    181.2      0.0
    10     1    15     4    20    12     0     0   -12.0   67.048 -127.690    378.0    963.1    276.0    273.0      0.0    515.0     97.9    274.3      0.0
    11     1    15     4    20    12     0     0   -12.0   66.340 -124.958    619.5    932.4    276.0    270.5      0.0    611.6     99.4    289.0      0.0
    12     1    15     4    20    12     0     0   -12.0   67.644 -130.562    273.2    985.3    274.5    273.3      0.0    276.6     97.1    196.8      0.0
    13     1    15     4    20    12     0     0   -12.0   66.960 -126.985    277.2    971.5    275.4    273.1      0.0    564.0     94.1    304.1      0.0
    14     1    15     4    20    12     0     0   -12.0   66.320 -124.830    468.1    949.7    274.9    270.9      0.0    583.6     99.1    292.6      0.0
    15     1    15     4    20    12     0     0   -12.0   67.079 -129.290    516.0    961.0    277.2    274.1      0.0    252.8     94.7    154.9      0.0
    16     1    15     4    20    12     0     0   -12.0   66.798 -128.339    642.0    937.7    278.4    273.3      0.0    309.8     97.7    225.0      0.0
    17     1    15     4    20    12     0     0   -12.0   66.565 -125.182    583.8    932.2    276.4    270.9      0.0    608.5     98.6    327.0      0.0
    18     1    15     4    20    12     0     0   -12.0   67.393 -130.811    668.9    923.1    281.7    275.3      0.0    224.1     82.2    321.5      0.0
    19     1    15     4    20    12     0     0   -12.0   66.851 -131.696    390.9    905.7    287.2    279.2      0.0    193.2     53.8    262.7      0.0
    20     1    15     4    20    12     0     0   -12.0   66.631 -131.661    587.6    883.0    287.7    277.7      0.0    225.7     55.2    272.2      0.0
    21     1    15     4    20    12     0     0   -12.0   66.492 -134.742    257.8    906.1    284.9    277.0      0.0     25.8     65.0    399.1      0.0
    22     1    15     4    20    12     0     0   -12.0   66.591 -129.849    130.6    945.4    278.6    274.1      0.0    218.0     95.8    174.9      0.0
    23     1    15     4    20    12     0     0   -12.0   65.699 -126.516     28.8    942.9    278.0    273.4      0.0    433.2     99.8    299.6      0.0
    24     1    15     4    20    12     0     0   -12.0   67.198 -132.757    299.4    925.0    284.6    278.3      0.0    129.8     63.5    184.0      0.0
    25     1    15     4    20    12     0     0   -12.0   66.718 -131.583    113.4    944.3    279.7    275.2      0.0    143.6     86.1    202.1      0.0
    26     1    15     4    20    12     0     0   -12.0   66.365 -129.410    356.0    918.5    282.4    275.6      0.0    259.4     84.8    182.3      0.0
    27     1    15     4    20    12     0     0   -12.0   66.836 -132.752      0.0    958.2    279.7    276.3      0.0     35.7     79.1    215.3      0.0
